pfn:HZ99_00005	ko:K01985
pfn:HZ99_00010	ko:K05515
pfn:HZ99_00020	ko:K00059
pfn:HZ99_00025	ko:K00128
pfn:HZ99_00030	ko:K07246
pfn:HZ99_00040	ko:K02336
pfn:HZ99_00045	ko:K11208
pfn:HZ99_00060	ko:K07165
pfn:HZ99_00065	ko:K16088
pfn:HZ99_00070	ko:K21004
pfn:HZ99_00080	ko:K21003
pfn:HZ99_00085	ko:K21002
pfn:HZ99_00090	ko:K21001
pfn:HZ99_00095	ko:K21000
pfn:HZ99_00100	ko:K20999
pfn:HZ99_00105	ko:K20998
pfn:HZ99_00110	ko:K20987
pfn:HZ99_00115	ko:K25205
pfn:HZ99_00120	ko:K16011
pfn:HZ99_00125	ko:K20997
pfn:HZ99_00135	ko:K16088
pfn:HZ99_00140	ko:K07165
pfn:HZ99_00145	ko:K23514
pfn:HZ99_00150	ko:K18199
pfn:HZ99_00170	ko:K00034
pfn:HZ99_00185	ko:K03543
pfn:HZ99_00190	ko:K03446
pfn:HZ99_00225	ko:K16088
pfn:HZ99_00250	ko:K06160
pfn:HZ99_00275	ko:K18139
pfn:HZ99_00280	ko:K05685
pfn:HZ99_00285	ko:K13888
pfn:HZ99_00290	ko:K10531
pfn:HZ99_00295	ko:K07507
pfn:HZ99_00300	ko:K07690
pfn:HZ99_00305	ko:K07679
pfn:HZ99_00315	ko:K06222
pfn:HZ99_00320	ko:K02016
pfn:HZ99_00330	ko:K16092
pfn:HZ99_00350	ko:K02228
pfn:HZ99_00355	ko:K27311
pfn:HZ99_00360	ko:K11747
pfn:HZ99_00375	ko:K03322
pfn:HZ99_00390	ko:K02483
pfn:HZ99_00410	ko:K03338
pfn:HZ99_00415	ko:K03335
pfn:HZ99_00420	ko:K03337
pfn:HZ99_00425	ko:K03336
pfn:HZ99_00430	ko:K00010
pfn:HZ99_00440	ko:K17213
pfn:HZ99_00445	ko:K17215
pfn:HZ99_00450	ko:K17214
pfn:HZ99_00455	ko:K06204
pfn:HZ99_00490	ko:K02002
pfn:HZ99_00495	ko:K02014
pfn:HZ99_00510	ko:K05564
pfn:HZ99_00515	ko:K05563
pfn:HZ99_00520	ko:K05562
pfn:HZ99_00525	ko:K05561
pfn:HZ99_00530	ko:K05560
pfn:HZ99_00535	ko:K05559
pfn:HZ99_00560	ko:K10713
pfn:HZ99_00565	ko:K23107
pfn:HZ99_00570	ko:K00135
pfn:HZ99_00575	ko:K08368
pfn:HZ99_00580	ko:K03566
pfn:HZ99_00590	ko:K03566
pfn:HZ99_00595	ko:K07248
pfn:HZ99_00600	ko:K26602
pfn:HZ99_00605	ko:K01684
pfn:HZ99_00625	ko:K01586
pfn:HZ99_00635	ko:K26939
pfn:HZ99_00650	ko:K13979
pfn:HZ99_00670	ko:K19609
pfn:HZ99_00675	ko:K19610
pfn:HZ99_00700	ko:K05800
pfn:HZ99_00710	ko:K03566
pfn:HZ99_00715	ko:K01997
pfn:HZ99_00720	ko:K01998
pfn:HZ99_00725	ko:K01995
pfn:HZ99_00730	ko:K01996
pfn:HZ99_00735	ko:K01999
pfn:HZ99_00745	ko:K06016
pfn:HZ99_00750	ko:K02433
pfn:HZ99_00755	ko:K08191
pfn:HZ99_00760	ko:K02529
pfn:HZ99_00770	ko:K14347
pfn:HZ99_00775	ko:K08159
pfn:HZ99_00780	ko:K16088
pfn:HZ99_00785	ko:K07165
pfn:HZ99_00795	ko:K21310
pfn:HZ99_00805	ko:K13747
pfn:HZ99_00810	ko:K00549
pfn:HZ99_00825	ko:K00799
pfn:HZ99_00835	ko:K01470
pfn:HZ99_00845	ko:K21470
pfn:HZ99_00865	ko:K19707
pfn:HZ99_00880	ko:K10680
pfn:HZ99_00915	ko:K09796
pfn:HZ99_00920	ko:K07152
pfn:HZ99_00925	ko:K09943
pfn:HZ99_00930	ko:K02495
pfn:HZ99_00935	ko:K02495
pfn:HZ99_00940	ko:K07044
pfn:HZ99_00960	ko:K00496
pfn:HZ99_00975	ko:K06076
pfn:HZ99_00980	ko:K06445
pfn:HZ99_00985	ko:K00059
pfn:HZ99_00995	ko:K00626
pfn:HZ99_01000	ko:K01897
pfn:HZ99_01015	ko:K07003
pfn:HZ99_01035	ko:K07404
pfn:HZ99_01045	ko:K00799
pfn:HZ99_01050	ko:K03546
pfn:HZ99_01055	ko:K03547
pfn:HZ99_01065	ko:K07114
pfn:HZ99_01070	ko:K07114
pfn:HZ99_01085	ko:K03924
pfn:HZ99_01095	ko:K15371
pfn:HZ99_01110	ko:K11103
pfn:HZ99_01115	ko:K01246
pfn:HZ99_01125	ko:K00375
pfn:HZ99_01155	ko:K03837
pfn:HZ99_01160	ko:K13061
pfn:HZ99_01165	ko:K18099
pfn:HZ99_01170	ko:K18101
pfn:HZ99_01175	ko:K18100
pfn:HZ99_01180	ko:K01682
pfn:HZ99_01185	ko:K06938
pfn:HZ99_01190	ko:K14055
pfn:HZ99_01200	ko:K06169
pfn:HZ99_01205	ko:K18073
pfn:HZ99_01210	ko:K18072
pfn:HZ99_01230	ko:K00681
pfn:HZ99_01235	ko:K14222
pfn:HZ99_01390	ko:K07729
pfn:HZ99_01425	ko:K02315
pfn:HZ99_01485	ko:K03791
pfn:HZ99_01635	ko:K03791
pfn:HZ99_01665	ko:K05835
pfn:HZ99_01745	ko:K14228
pfn:HZ99_01755	ko:K17218
pfn:HZ99_01765	ko:K00598
pfn:HZ99_01775	ko:K07552
pfn:HZ99_01780	ko:K02014
pfn:HZ99_01785	ko:K07345
pfn:HZ99_01790	ko:K07346
pfn:HZ99_01795	ko:K07347
pfn:HZ99_01810	ko:K07690
pfn:HZ99_01835	ko:K21022
pfn:HZ99_01855	ko:K15736
pfn:HZ99_01885	ko:K00800
pfn:HZ99_01890	ko:K07039
pfn:HZ99_01900	ko:K03088
pfn:HZ99_01910	ko:K07090
pfn:HZ99_01915	ko:K01004
pfn:HZ99_01920	ko:K06969
pfn:HZ99_01925	ko:K00163
pfn:HZ99_01930	ko:K06938
pfn:HZ99_01950	ko:K00526
pfn:HZ99_01960	ko:K04091
pfn:HZ99_01970	ko:K07234
pfn:HZ99_01975	ko:K09943
pfn:HZ99_01985	ko:K12266
pfn:HZ99_01990	ko:K00275
pfn:HZ99_01995	ko:K03638
pfn:HZ99_02000	ko:K03750
pfn:HZ99_02005	ko:K24844
pfn:HZ99_02010	ko:K24845
pfn:HZ99_02015	ko:K24843
pfn:HZ99_02020	ko:K01467
pfn:HZ99_02025	ko:K17850
pfn:HZ99_02050	ko:K07481
pfn:HZ99_02060	ko:K16088
pfn:HZ99_02065	ko:K07165
pfn:HZ99_02080	ko:K00111
pfn:HZ99_02090	ko:K00864
pfn:HZ99_02095	ko:K02444
pfn:HZ99_02100	ko:K04023
pfn:HZ99_02110	ko:K03566
pfn:HZ99_02115	ko:K11209
pfn:HZ99_02125	ko:K23514
pfn:HZ99_02130	ko:K07165
pfn:HZ99_02135	ko:K16087
pfn:HZ99_02165	ko:K01531
pfn:HZ99_02175	ko:K06600
pfn:HZ99_02180	ko:K03893
pfn:HZ99_02195	ko:K26605
pfn:HZ99_02200	ko:K26606
pfn:HZ99_02220	ko:K03168
pfn:HZ99_02225	ko:K02017
pfn:HZ99_02230	ko:K02018
pfn:HZ99_02235	ko:K02020
pfn:HZ99_02245	ko:K00459
pfn:HZ99_02255	ko:K03919
pfn:HZ99_02280	ko:K19713
pfn:HZ99_02305	ko:K00963
pfn:HZ99_02310	ko:K00383
pfn:HZ99_02325	ko:K24119
pfn:HZ99_02330	ko:K03387
pfn:HZ99_02335	ko:K01759
pfn:HZ99_02350	ko:K26148
pfn:HZ99_02370	ko:K00457
pfn:HZ99_02380	ko:K05786
pfn:HZ99_02385	ko:K03719
pfn:HZ99_02400	ko:K02031
pfn:HZ99_02400	ko:K02032
pfn:HZ99_02405	ko:K02034
pfn:HZ99_02420	ko:K02033
pfn:HZ99_02425	ko:K02035
pfn:HZ99_02430	ko:K02014
pfn:HZ99_02445	ko:K02647
pfn:HZ99_02450	ko:K00865
pfn:HZ99_02455	ko:K03825
pfn:HZ99_02460	ko:K25316
pfn:HZ99_02470	ko:K00404
pfn:HZ99_02475	ko:K00381
pfn:HZ99_02500	ko:K01130
pfn:HZ99_02515	ko:K07114
pfn:HZ99_02520	ko:K07114
pfn:HZ99_02535	ko:K03924
pfn:HZ99_02580	ko:K00575
pfn:HZ99_02585	ko:K03412
pfn:HZ99_02595	ko:K13589
pfn:HZ99_02610	ko:K08482
pfn:HZ99_02620	ko:K08994
pfn:HZ99_02625	ko:K01895
pfn:HZ99_02635	ko:K00626
pfn:HZ99_02640	ko:K00248
pfn:HZ99_02645	ko:K01692
pfn:HZ99_02660	ko:K07116
pfn:HZ99_02670	ko:K03811
pfn:HZ99_02675	ko:K03406
pfn:HZ99_02680	ko:K06153
pfn:HZ99_02700	ko:K01118
pfn:HZ99_02735	ko:K12979
pfn:HZ99_02745	ko:K21430
pfn:HZ99_02750	ko:K09958
pfn:HZ99_02760	ko:K00998
pfn:HZ99_02770	ko:K08151
pfn:HZ99_02775	ko:K07224
pfn:HZ99_02780	ko:K16301
pfn:HZ99_02790	ko:K07243
pfn:HZ99_02800	ko:K18300
pfn:HZ99_02805	ko:K18299
pfn:HZ99_02810	ko:K18298
pfn:HZ99_02815	ko:K03325
pfn:HZ99_02830	ko:K20534
pfn:HZ99_02840	ko:K23242
pfn:HZ99_02845	ko:K07645
pfn:HZ99_02850	ko:K07666
pfn:HZ99_02880	ko:K01951
pfn:HZ99_02905	ko:K05549
pfn:HZ99_02910	ko:K05550
pfn:HZ99_02915	ko:K05784
pfn:HZ99_02920	ko:K05783
pfn:HZ99_02925	ko:K05548
pfn:HZ99_02935	ko:K07223
pfn:HZ99_02940	ko:K18297
pfn:HZ99_02960	ko:K01835
pfn:HZ99_02965	ko:K06911
pfn:HZ99_02990	ko:K06995
pfn:HZ99_02995	ko:K11073
pfn:HZ99_03015	ko:K01406
pfn:HZ99_03025	ko:K12536
pfn:HZ99_03030	ko:K12537
pfn:HZ99_03035	ko:K12538
pfn:HZ99_03040	ko:K12685
pfn:HZ99_03045	ko:K12685
pfn:HZ99_03065	ko:K10844
pfn:HZ99_03070	ko:K27108
pfn:HZ99_03095	ko:K03719
pfn:HZ99_03105	ko:K24847
pfn:HZ99_03115	ko:K11734
pfn:HZ99_03120	ko:K01799
pfn:HZ99_03125	ko:K01501
pfn:HZ99_03135	ko:K00450
pfn:HZ99_03140	ko:K01556
pfn:HZ99_03145	ko:K00453
pfn:HZ99_03155	ko:K03719
pfn:HZ99_03190	ko:K07484
pfn:HZ99_03195	ko:K07484
pfn:HZ99_03245	ko:K06999
pfn:HZ99_03250	ko:K15777
pfn:HZ99_03275	ko:K15977
pfn:HZ99_03280	ko:K06988
pfn:HZ99_03290	ko:K01821
pfn:HZ99_03300	ko:K06446
pfn:HZ99_03310	ko:K01692
pfn:HZ99_03315	ko:K00074
pfn:HZ99_03325	ko:K01041
pfn:HZ99_03330	ko:K03521
pfn:HZ99_03335	ko:K03522
pfn:HZ99_03360	ko:K01474
pfn:HZ99_03365	ko:K01473
pfn:HZ99_03380	ko:K15737
pfn:HZ99_03385	ko:K15736
pfn:HZ99_03390	ko:K16871
pfn:HZ99_03395	ko:K00135
pfn:HZ99_03410	ko:K01995
pfn:HZ99_03415	ko:K01996
pfn:HZ99_03455	ko:K00480
pfn:HZ99_03460	ko:K05548
pfn:HZ99_03490	ko:K06212
pfn:HZ99_03495	ko:K03781
pfn:HZ99_03500	ko:K02510
pfn:HZ99_03505	ko:K16091
pfn:HZ99_03525	ko:K28704
pfn:HZ99_03530	ko:K28705
pfn:HZ99_03535	ko:K01406
pfn:HZ99_03550	ko:K00799
pfn:HZ99_03570	ko:K07677
pfn:HZ99_03580	ko:K07677
pfn:HZ99_03585	ko:K07687
pfn:HZ99_03590	ko:K07345
pfn:HZ99_03595	ko:K15540
pfn:HZ99_03600	ko:K07347
pfn:HZ99_03615	ko:K10012
pfn:HZ99_03625	ko:K13014
pfn:HZ99_03630	ko:K07264
pfn:HZ99_03635	ko:K12962
pfn:HZ99_03640	ko:K12963
pfn:HZ99_03645	ko:K00012
pfn:HZ99_03660	ko:K07168
pfn:HZ99_03710	ko:K14060
pfn:HZ99_03755	ko:K00703
pfn:HZ99_03760	ko:K01236
pfn:HZ99_03765	ko:K00705
pfn:HZ99_03770	ko:K06044
pfn:HZ99_03780	ko:K01214
pfn:HZ99_03795	ko:K00700
pfn:HZ99_03800	ko:K05343
pfn:HZ99_03805	ko:K16147
pfn:HZ99_03840	ko:K21023
pfn:HZ99_03845	ko:K18139
pfn:HZ99_03850	ko:K07789
pfn:HZ99_03855	ko:K07788
pfn:HZ99_03860	ko:K07799
pfn:HZ99_03865	ko:K11065
pfn:HZ99_03880	ko:K10227
pfn:HZ99_03885	ko:K10228
pfn:HZ99_03890	ko:K10229
pfn:HZ99_03895	ko:K10111
pfn:HZ99_03900	ko:K00045
pfn:HZ99_03905	ko:K00854
pfn:HZ99_03910	ko:K00847
pfn:HZ99_03915	ko:K06188
pfn:HZ99_03925	ko:K08276
pfn:HZ99_03935	ko:K01265
pfn:HZ99_03940	ko:K03284
pfn:HZ99_03955	ko:K17228
pfn:HZ99_03960	ko:K07090
pfn:HZ99_03965	ko:K03426
pfn:HZ99_03975	ko:K02484
pfn:HZ99_03980	ko:K02483
pfn:HZ99_03985	ko:K03585
pfn:HZ99_03990	ko:K18138
pfn:HZ99_04015	ko:K02525
pfn:HZ99_04025	ko:K11441
pfn:HZ99_04035	ko:K00032
pfn:HZ99_04040	ko:K16345
pfn:HZ99_04060	ko:K13609
pfn:HZ99_04095	ko:K06992
pfn:HZ99_04120	ko:K03314
pfn:HZ99_04130	ko:K00036
pfn:HZ99_04135	ko:K00033
pfn:HZ99_04150	ko:K19353
pfn:HZ99_04195	ko:K06916
pfn:HZ99_04200	ko:K01256
pfn:HZ99_04210	ko:K09916
pfn:HZ99_04215	ko:K02441
pfn:HZ99_04225	ko:K00858
pfn:HZ99_04230	ko:K09977
pfn:HZ99_04235	ko:K13580
pfn:HZ99_04240	ko:K03405
pfn:HZ99_04245	ko:K02230
pfn:HZ99_04250	ko:K02234
pfn:HZ99_04265	ko:K02189
pfn:HZ99_04270	ko:K05936
pfn:HZ99_04275	ko:K07400
pfn:HZ99_04285	ko:K00548
pfn:HZ99_04310	ko:K00381
pfn:HZ99_04320	ko:K19784
pfn:HZ99_04340	ko:K01584
pfn:HZ99_04345	ko:K02342
pfn:HZ99_04360	ko:K03469
pfn:HZ99_04370	ko:K01069
pfn:HZ99_04375	ko:K08307
pfn:HZ99_04380	ko:K13893
pfn:HZ99_04385	ko:K13893
pfn:HZ99_04390	ko:K13894
pfn:HZ99_04395	ko:K13895
pfn:HZ99_04400	ko:K13896
pfn:HZ99_04430	ko:K03406
pfn:HZ99_04435	ko:K04069
pfn:HZ99_04445	ko:K21636
pfn:HZ99_04450	ko:K03639
pfn:HZ99_04455	ko:K03769
pfn:HZ99_04460	ko:K00374
pfn:HZ99_04465	ko:K00373
pfn:HZ99_04470	ko:K00371
pfn:HZ99_04475	ko:K00370
pfn:HZ99_04480	ko:K02575
pfn:HZ99_04485	ko:K02575
pfn:HZ99_04490	ko:K07673
pfn:HZ99_04495	ko:K07684
pfn:HZ99_04500	ko:K14155
pfn:HZ99_04515	ko:K26580
pfn:HZ99_04520	ko:K12661
pfn:HZ99_04525	ko:K02510
pfn:HZ99_04530	ko:K07248
pfn:HZ99_04535	ko:K07046
pfn:HZ99_04540	ko:K03534
pfn:HZ99_04545	ko:K02856
pfn:HZ99_04550	ko:K18337
pfn:HZ99_04575	ko:K00675
pfn:HZ99_04590	ko:K07223
pfn:HZ99_04595	ko:K00131
pfn:HZ99_04615	ko:K02003
pfn:HZ99_04620	ko:K02004
pfn:HZ99_04625	ko:K12340
pfn:HZ99_04630	ko:K02005
pfn:HZ99_04650	ko:K18290
pfn:HZ99_04670	ko:K02002
pfn:HZ99_04675	ko:K23470
pfn:HZ99_04680	ko:K23492
pfn:HZ99_04705	ko:K14063
pfn:HZ99_04715	ko:K00666
pfn:HZ99_04720	ko:K02433
pfn:HZ99_04750	ko:K02463
pfn:HZ99_04765	ko:K02459
pfn:HZ99_04770	ko:K02458
pfn:HZ99_04775	ko:K02457
pfn:HZ99_04780	ko:K02456
pfn:HZ99_04785	ko:K02455
pfn:HZ99_04790	ko:K02454
pfn:HZ99_04795	ko:K02453
pfn:HZ99_04800	ko:K02452
pfn:HZ99_04805	ko:K17224
pfn:HZ99_04810	ko:K07093
pfn:HZ99_04815	ko:K02460
pfn:HZ99_04820	ko:K03116
pfn:HZ99_04830	ko:K03118
pfn:HZ99_04890	ko:K21695
pfn:HZ99_04930	ko:K05802
pfn:HZ99_04935	ko:K19640
pfn:HZ99_04940	ko:K07810
pfn:HZ99_04945	ko:K07787
pfn:HZ99_04950	ko:K07798
pfn:HZ99_04955	ko:K07796
pfn:HZ99_04990	ko:K11891
pfn:HZ99_05010	ko:K11904
pfn:HZ99_05015	ko:K11910
pfn:HZ99_05020	ko:K11909
pfn:HZ99_05025	ko:K11901
pfn:HZ99_05030	ko:K11900
pfn:HZ99_05035	ko:K11905
pfn:HZ99_05040	ko:K11896
pfn:HZ99_05045	ko:K11895
pfn:HZ99_05050	ko:K11906
pfn:HZ99_05055	ko:K11893
pfn:HZ99_05060	ko:K11892
pfn:HZ99_05065	ko:K11903
pfn:HZ99_05075	ko:K02055
pfn:HZ99_05080	ko:K12256
pfn:HZ99_05090	ko:K09472
pfn:HZ99_05095	ko:K01438
pfn:HZ99_05110	ko:K07222
pfn:HZ99_05120	ko:K14225
pfn:HZ99_05125	ko:K00995
pfn:HZ99_05130	ko:K03703
pfn:HZ99_05135	ko:K07689
pfn:HZ99_05155	ko:K01626
pfn:HZ99_05160	ko:K03769
pfn:HZ99_05165	ko:K13893
pfn:HZ99_05170	ko:K13894
pfn:HZ99_05175	ko:K13895
pfn:HZ99_05180	ko:K13896
pfn:HZ99_05195	ko:K00019
pfn:HZ99_05200	ko:K01907
pfn:HZ99_05210	ko:K03769
pfn:HZ99_05215	ko:K00874
pfn:HZ99_05250	ko:K01808
pfn:HZ99_05255	ko:K17207
pfn:HZ99_05260	ko:K17206
pfn:HZ99_05265	ko:K17205
pfn:HZ99_05275	ko:K23271
pfn:HZ99_05280	ko:K05878
pfn:HZ99_05285	ko:K05879
pfn:HZ99_05290	ko:K04774
pfn:HZ99_05305	ko:K25986
pfn:HZ99_05320	ko:K14162
pfn:HZ99_05325	ko:K14161
pfn:HZ99_05330	ko:K14160
pfn:HZ99_05335	ko:K01356
pfn:HZ99_05345	ko:K03574
pfn:HZ99_05375	ko:K02014
pfn:HZ99_05395	ko:K12658
pfn:HZ99_05400	ko:K21062
pfn:HZ99_05405	ko:K13877
pfn:HZ99_05410	ko:K21060
pfn:HZ99_05425	ko:K07221
pfn:HZ99_05440	ko:K04343
pfn:HZ99_05465	ko:K00433
pfn:HZ99_05485	ko:K05523
pfn:HZ99_05505	ko:K02483
pfn:HZ99_05520	ko:K21135
pfn:HZ99_05530	ko:K07483
pfn:HZ99_05535	ko:K07484
pfn:HZ99_05540	ko:K07484
pfn:HZ99_05545	ko:K02002
pfn:HZ99_05550	ko:K07481
pfn:HZ99_05555	ko:K00471
pfn:HZ99_05585	ko:K03832
pfn:HZ99_05595	ko:K14233
pfn:HZ99_05600	ko:K19416
pfn:HZ99_05605	ko:K07235
pfn:HZ99_05610	ko:K07236
pfn:HZ99_05615	ko:K07237
pfn:HZ99_05620	ko:K11179
pfn:HZ99_05630	ko:K07393
pfn:HZ99_05635	ko:K02302
pfn:HZ99_05640	ko:K01875
pfn:HZ99_05645	ko:K06199
pfn:HZ99_05650	ko:K07478
pfn:HZ99_05655	ko:K03634
pfn:HZ99_05660	ko:K03466
pfn:HZ99_05665	ko:K00684
pfn:HZ99_05670	ko:K21420
pfn:HZ99_05675	ko:K02518
pfn:HZ99_05680	ko:K03694
pfn:HZ99_05685	ko:K06891
pfn:HZ99_05690	ko:K03704
pfn:HZ99_05695	ko:K00031
pfn:HZ99_05700	ko:K00031
pfn:HZ99_05715	ko:K07481
pfn:HZ99_05740	ko:K00566
pfn:HZ99_05745	ko:K07153
pfn:HZ99_05750	ko:K01756
pfn:HZ99_05755	ko:K18850
pfn:HZ99_05770	ko:K01637
pfn:HZ99_05780	ko:K00330
pfn:HZ99_05785	ko:K00331
pfn:HZ99_05790	ko:K13378
pfn:HZ99_05795	ko:K00334
pfn:HZ99_05800	ko:K00335
pfn:HZ99_05805	ko:K00336
pfn:HZ99_05810	ko:K00337
pfn:HZ99_05815	ko:K00338
pfn:HZ99_05820	ko:K00339
pfn:HZ99_05825	ko:K00340
pfn:HZ99_05830	ko:K00341
pfn:HZ99_05835	ko:K00342
pfn:HZ99_05840	ko:K00343
pfn:HZ99_05845	ko:K17321
pfn:HZ99_05855	ko:K17323
pfn:HZ99_05860	ko:K17322
pfn:HZ99_05865	ko:K17325
pfn:HZ99_05870	ko:K17324
pfn:HZ99_05875	ko:K21405
pfn:HZ99_05880	ko:K06887
pfn:HZ99_05895	ko:K01883
pfn:HZ99_05900	ko:K01886
pfn:HZ99_05905	ko:K03768
pfn:HZ99_05910	ko:K03269
pfn:HZ99_05915	ko:K03446
pfn:HZ99_05920	ko:K03543
pfn:HZ99_05930	ko:K09800
pfn:HZ99_05935	ko:K07278
pfn:HZ99_05945	ko:K01142
pfn:HZ99_05950	ko:K02040
pfn:HZ99_05955	ko:K00249
pfn:HZ99_05970	ko:K01640
pfn:HZ99_05975	ko:K00666
pfn:HZ99_05980	ko:K00253
pfn:HZ99_05985	ko:K01969
pfn:HZ99_05990	ko:K13766
pfn:HZ99_05995	ko:K01968
pfn:HZ99_06025	ko:K06916
pfn:HZ99_06055	ko:K03430
pfn:HZ99_06060	ko:K05306
pfn:HZ99_06065	ko:K12262
pfn:HZ99_06075	ko:K00219
pfn:HZ99_06105	ko:K00163
pfn:HZ99_06120	ko:K03770
pfn:HZ99_06125	ko:K03530
pfn:HZ99_06130	ko:K01338
pfn:HZ99_06135	ko:K03544
pfn:HZ99_06140	ko:K01358
pfn:HZ99_06145	ko:K03545
pfn:HZ99_06150	ko:K00986
pfn:HZ99_06155	ko:K14226
pfn:HZ99_06160	ko:K14228
pfn:HZ99_06165	ko:K14226
pfn:HZ99_06170	ko:K14219
pfn:HZ99_06175	ko:K01491
pfn:HZ99_06180	ko:K25135
pfn:HZ99_06185	ko:K03406
pfn:HZ99_06190	ko:K03809
pfn:HZ99_06200	ko:K07262
pfn:HZ99_06215	ko:K06016
pfn:HZ99_06220	ko:K03457
pfn:HZ99_06225	ko:K01464
pfn:HZ99_06230	ko:K17722
pfn:HZ99_06235	ko:K17723
pfn:HZ99_06240	ko:K09017
pfn:HZ99_06245	ko:K07156
pfn:HZ99_06250	ko:K07245
pfn:HZ99_06285	ko:K07090
pfn:HZ99_06290	ko:K17218
pfn:HZ99_06295	ko:K22042
pfn:HZ99_06305	ko:K03719
pfn:HZ99_06310	ko:K00166
pfn:HZ99_06315	ko:K00167
pfn:HZ99_06320	ko:K09699
pfn:HZ99_06325	ko:K00382
pfn:HZ99_06330	ko:K00826
pfn:HZ99_06350	ko:K01750
pfn:HZ99_06355	ko:K10014
pfn:HZ99_06360	ko:K10016
pfn:HZ99_06365	ko:K10015
pfn:HZ99_06370	ko:K10017
pfn:HZ99_06375	ko:K03719
pfn:HZ99_06390	ko:K01802
pfn:HZ99_06435	ko:K01915
pfn:HZ99_06465	ko:K03169
pfn:HZ99_06480	ko:K17737
pfn:HZ99_06485	ko:K01028
pfn:HZ99_06490	ko:K01029
pfn:HZ99_06495	ko:K00626
pfn:HZ99_06500	ko:K17362
pfn:HZ99_06515	ko:K01698
pfn:HZ99_06525	ko:K11209
pfn:HZ99_06535	ko:K07089
pfn:HZ99_06540	ko:K06917
pfn:HZ99_06545	ko:K01008
pfn:HZ99_06560	ko:K03717
pfn:HZ99_06570	ko:K07862
pfn:HZ99_06575	ko:K09983
pfn:HZ99_06580	ko:K09915
pfn:HZ99_06585	ko:K00014
pfn:HZ99_06610	ko:K08303
pfn:HZ99_06615	ko:K03406
pfn:HZ99_06620	ko:K07084
pfn:HZ99_06625	ko:K03406
pfn:HZ99_06640	ko:K07080
pfn:HZ99_06650	ko:K02483
pfn:HZ99_06680	ko:K01737
pfn:HZ99_06690	ko:K07729
pfn:HZ99_06700	ko:K10974
pfn:HZ99_06710	ko:K01485
pfn:HZ99_06715	ko:K01778
pfn:HZ99_06745	ko:K16091
pfn:HZ99_06750	ko:K07165
pfn:HZ99_06765	ko:K09471
pfn:HZ99_06770	ko:K11073
pfn:HZ99_06775	ko:K01915
pfn:HZ99_06785	ko:K02014
pfn:HZ99_06800	ko:K06911
pfn:HZ99_06820	ko:K01295
pfn:HZ99_06830	ko:K18968
pfn:HZ99_06835	ko:K05834
pfn:HZ99_06845	ko:K01426
pfn:HZ99_06870	ko:K23773
pfn:HZ99_06875	ko:K02529
pfn:HZ99_06885	ko:K24707
pfn:HZ99_06890	ko:K23271
pfn:HZ99_06895	ko:K10440
pfn:HZ99_06900	ko:K10441
pfn:HZ99_06905	ko:K10439
pfn:HZ99_06930	ko:K03719
pfn:HZ99_06935	ko:K01761
pfn:HZ99_06940	ko:K21826
pfn:HZ99_06955	ko:K02508
pfn:HZ99_06960	ko:K05921
pfn:HZ99_06965	ko:K05921
pfn:HZ99_06970	ko:K00151
pfn:HZ99_06975	ko:K00455
pfn:HZ99_06980	ko:K01826
pfn:HZ99_06990	ko:K02509
pfn:HZ99_06995	ko:K02510
pfn:HZ99_07005	ko:K09471
pfn:HZ99_07010	ko:K06995
pfn:HZ99_07015	ko:K14063
pfn:HZ99_07040	ko:K00146
pfn:HZ99_07060	ko:K02069
pfn:HZ99_07065	ko:K02068
pfn:HZ99_07090	ko:K01130
pfn:HZ99_07100	ko:K09780
pfn:HZ99_07105	ko:K04098
pfn:HZ99_07110	ko:K00217
pfn:HZ99_07115	ko:K00128
pfn:HZ99_07135	ko:K01998
pfn:HZ99_07140	ko:K01997
pfn:HZ99_07145	ko:K01996
pfn:HZ99_07150	ko:K01995
pfn:HZ99_07155	ko:K01999
pfn:HZ99_07165	ko:K04063
pfn:HZ99_07170	ko:K07396
pfn:HZ99_07180	ko:K01799
pfn:HZ99_07185	ko:K01501
pfn:HZ99_07195	ko:K00450
pfn:HZ99_07200	ko:K09461
pfn:HZ99_07205	ko:K01075
pfn:HZ99_07210	ko:K00180
pfn:HZ99_07215	ko:K05548
pfn:HZ99_07220	ko:K00179
pfn:HZ99_07240	ko:K01475
pfn:HZ99_07275	ko:K14232
pfn:HZ99_07285	ko:K04764
pfn:HZ99_07290	ko:K01890
pfn:HZ99_07295	ko:K01889
pfn:HZ99_07300	ko:K02887
pfn:HZ99_07305	ko:K02916
pfn:HZ99_07310	ko:K02520
pfn:HZ99_07315	ko:K01868
pfn:HZ99_07325	ko:K03704
pfn:HZ99_07350	ko:K06726
pfn:HZ99_07355	ko:K00852
pfn:HZ99_07360	ko:K02529
pfn:HZ99_07365	ko:K10440
pfn:HZ99_07370	ko:K10441
pfn:HZ99_07375	ko:K10439
pfn:HZ99_07380	ko:K05597
pfn:HZ99_07390	ko:K01150
pfn:HZ99_07400	ko:K03563
pfn:HZ99_07415	ko:K19270
pfn:HZ99_07420	ko:K01304
pfn:HZ99_07445	ko:K02014
pfn:HZ99_07450	ko:K07165
pfn:HZ99_07470	ko:K00799
pfn:HZ99_07475	ko:K14237
pfn:HZ99_07480	ko:K09471
pfn:HZ99_07485	ko:K14221
pfn:HZ99_07490	ko:K14221
pfn:HZ99_07495	ko:K14237
pfn:HZ99_07505	ko:K10764
pfn:HZ99_07510	ko:K00764
pfn:HZ99_07515	ko:K03558
pfn:HZ99_07520	ko:K03749
pfn:HZ99_07525	ko:K11754
pfn:HZ99_07530	ko:K01963
pfn:HZ99_07535	ko:K01817
pfn:HZ99_07540	ko:K06173
pfn:HZ99_07545	ko:K08086
pfn:HZ99_07555	ko:K00133
pfn:HZ99_07560	ko:K00052
pfn:HZ99_07570	ko:K01704
pfn:HZ99_07575	ko:K01703
pfn:HZ99_07605	ko:K04080
pfn:HZ99_07610	ko:K05541
pfn:HZ99_07615	ko:K07107
pfn:HZ99_07625	ko:K16137
pfn:HZ99_07630	ko:K14224
pfn:HZ99_07635	ko:K14218
pfn:HZ99_07640	ko:K14224
pfn:HZ99_07645	ko:K14218
pfn:HZ99_07650	ko:K01885
pfn:HZ99_07655	ko:K03543
pfn:HZ99_07660	ko:K03446
pfn:HZ99_07665	ko:K03702
pfn:HZ99_07670	ko:K00832
pfn:HZ99_07685	ko:K08324
pfn:HZ99_07690	ko:K21021
pfn:HZ99_07710	ko:K19000
pfn:HZ99_07745	ko:K06967
pfn:HZ99_07750	ko:K13639
pfn:HZ99_07765	ko:K08994
pfn:HZ99_07775	ko:K10536
pfn:HZ99_07780	ko:K11073
pfn:HZ99_07785	ko:K12251
pfn:HZ99_07790	ko:K10536
pfn:HZ99_07795	ko:K03566
pfn:HZ99_07800	ko:K03649
pfn:HZ99_07810	ko:K14220
pfn:HZ99_07850	ko:K01897
pfn:HZ99_07865	ko:K16137
pfn:HZ99_07875	ko:K06995
pfn:HZ99_07885	ko:K01041
pfn:HZ99_07895	ko:K06446
pfn:HZ99_07905	ko:K18457
pfn:HZ99_07910	ko:K24206
pfn:HZ99_07925	ko:K28371
pfn:HZ99_07935	ko:K00821
pfn:HZ99_07950	ko:K00209
pfn:HZ99_07955	ko:K06966
pfn:HZ99_07965	ko:K00116
pfn:HZ99_07990	ko:K05539
pfn:HZ99_07995	ko:K00616
pfn:HZ99_08015	ko:K04754
pfn:HZ99_08030	ko:K06879
pfn:HZ99_08040	ko:K07665
pfn:HZ99_08050	ko:K09808
pfn:HZ99_08055	ko:K09810
pfn:HZ99_08060	ko:K09808
pfn:HZ99_08070	ko:K01126
pfn:HZ99_08075	ko:K00322
pfn:HZ99_08080	ko:K03734
pfn:HZ99_08090	ko:K00134
pfn:HZ99_08095	ko:K03723
pfn:HZ99_08110	ko:K01207
pfn:HZ99_08120	ko:K01356
pfn:HZ99_08125	ko:K13053
pfn:HZ99_08140	ko:K03168
pfn:HZ99_08150	ko:K00632
pfn:HZ99_08155	ko:K01825
pfn:HZ99_08165	ko:K06149
pfn:HZ99_08170	ko:K15738
pfn:HZ99_08175	ko:K08309
pfn:HZ99_08180	ko:K06147
pfn:HZ99_08190	ko:K03473
pfn:HZ99_08195	ko:K26939
pfn:HZ99_08200	ko:K04085
pfn:HZ99_08205	ko:K06968
pfn:HZ99_08210	ko:K27802
pfn:HZ99_08215	ko:K07052
pfn:HZ99_08225	ko:K02472
pfn:HZ99_08250	ko:K03776
pfn:HZ99_08270	ko:K11904
pfn:HZ99_08275	ko:K07020
pfn:HZ99_08280	ko:K00404
pfn:HZ99_08285	ko:K00405
pfn:HZ99_08290	ko:K00407
pfn:HZ99_08295	ko:K00406
pfn:HZ99_08300	ko:K00404
pfn:HZ99_08305	ko:K00405
pfn:HZ99_08310	ko:K00407
pfn:HZ99_08315	ko:K00406
pfn:HZ99_08325	ko:K09926
pfn:HZ99_08330	ko:K01533
pfn:HZ99_08340	ko:K09792
pfn:HZ99_08345	ko:K02495
pfn:HZ99_08355	ko:K01420
pfn:HZ99_08360	ko:K00759
pfn:HZ99_08365	ko:K00249
pfn:HZ99_08370	ko:K06187
pfn:HZ99_08375	ko:K23256
pfn:HZ99_08380	ko:K09747
pfn:HZ99_08385	ko:K02343
pfn:HZ99_08390	ko:K02030
pfn:HZ99_08400	ko:K03776
pfn:HZ99_08415	ko:K01972
pfn:HZ99_08420	ko:K03528
pfn:HZ99_08425	ko:K03529
pfn:HZ99_08435	ko:K13481
pfn:HZ99_08440	ko:K13482
pfn:HZ99_08445	ko:K07402
pfn:HZ99_08450	ko:K01487
pfn:HZ99_08460	ko:K05782
pfn:HZ99_08465	ko:K09923
pfn:HZ99_08470	ko:K07259
pfn:HZ99_08480	ko:K12297
pfn:HZ99_08485	ko:K03812
pfn:HZ99_08490	ko:K00254
pfn:HZ99_08515	ko:K22067
pfn:HZ99_08520	ko:K07183
pfn:HZ99_08525	ko:K02575
pfn:HZ99_08535	ko:K26139
pfn:HZ99_08540	ko:K26138
pfn:HZ99_08545	ko:K00372
pfn:HZ99_08550	ko:K02303
pfn:HZ99_08555	ko:K03286
pfn:HZ99_08560	ko:K03088
pfn:HZ99_08575	ko:K16074
pfn:HZ99_08580	ko:K02553
pfn:HZ99_08590	ko:K01007
pfn:HZ99_08600	ko:K09773
pfn:HZ99_08610	ko:K07790
pfn:HZ99_08615	ko:K21147
pfn:HZ99_08620	ko:K01738
pfn:HZ99_08625	ko:K00640
pfn:HZ99_08630	ko:K07050
pfn:HZ99_08640	ko:K01720
pfn:HZ99_08645	ko:K09788
pfn:HZ99_08650	ko:K20455
pfn:HZ99_08655	ko:K01659
pfn:HZ99_08660	ko:K03417
pfn:HZ99_08685	ko:K01665
pfn:HZ99_08690	ko:K02203
pfn:HZ99_08695	ko:K00390
pfn:HZ99_08700	ko:K03457
pfn:HZ99_08705	ko:K16841
pfn:HZ99_08715	ko:K00059
pfn:HZ99_08720	ko:K17623
pfn:HZ99_08800	ko:K14744
pfn:HZ99_08805	ko:K01185
pfn:HZ99_08920	ko:K14059
pfn:HZ99_08925	ko:K03321
pfn:HZ99_08930	ko:K14233
pfn:HZ99_08940	ko:K00655
pfn:HZ99_08945	ko:K03284
pfn:HZ99_08955	ko:K01782
pfn:HZ99_08960	ko:K00626
pfn:HZ99_09005	ko:K06940
pfn:HZ99_09030	ko:K02030
pfn:HZ99_09035	ko:K03522
pfn:HZ99_09040	ko:K03521
pfn:HZ99_09045	ko:K00311
pfn:HZ99_09055	ko:K13979
pfn:HZ99_09080	ko:K09986
pfn:HZ99_09090	ko:K03639
pfn:HZ99_09100	ko:K03424
pfn:HZ99_09105	ko:K02341
pfn:HZ99_09110	ko:K00943
pfn:HZ99_09120	ko:K02619
pfn:HZ99_09125	ko:K09458
pfn:HZ99_09130	ko:K02078
pfn:HZ99_09135	ko:K00059
pfn:HZ99_09140	ko:K00645
pfn:HZ99_09145	ko:K03621
pfn:HZ99_09150	ko:K02911
pfn:HZ99_09155	ko:K07040
pfn:HZ99_09160	ko:K25422
pfn:HZ99_09165	ko:K04773
pfn:HZ99_09170	ko:K01091
pfn:HZ99_09175	ko:K06179
pfn:HZ99_09180	ko:K08300
pfn:HZ99_09185	ko:K07141
pfn:HZ99_09190	ko:K07402
pfn:HZ99_09195	ko:K07303
pfn:HZ99_09200	ko:K07302
pfn:HZ99_09205	ko:K00075
pfn:HZ99_09210	ko:K25307
pfn:HZ99_09215	ko:K00979
pfn:HZ99_09220	ko:K09791
pfn:HZ99_09225	ko:K00912
pfn:HZ99_09230	ko:K03559
pfn:HZ99_09235	ko:K03561
pfn:HZ99_09240	ko:K02238
pfn:HZ99_09245	ko:K09928
pfn:HZ99_09250	ko:K07678
pfn:HZ99_09255	ko:K03778
pfn:HZ99_09265	ko:K03668
pfn:HZ99_09275	ko:K00537
pfn:HZ99_09280	ko:K03809
pfn:HZ99_09295	ko:K14058
pfn:HZ99_09305	ko:K02742
pfn:HZ99_09310	ko:K01796
pfn:HZ99_09315	ko:K11103
pfn:HZ99_09325	ko:K07637
pfn:HZ99_09330	ko:K07660
pfn:HZ99_09335	ko:K02362
pfn:HZ99_09340	ko:K07639
pfn:HZ99_09345	ko:K07661
pfn:HZ99_09350	ko:K00525
pfn:HZ99_09375	ko:K01153
pfn:HZ99_09380	ko:K09805
pfn:HZ99_09390	ko:K03427
pfn:HZ99_09430	ko:K07483
pfn:HZ99_09435	ko:K07484
pfn:HZ99_09440	ko:K07484
pfn:HZ99_09455	ko:K02390
pfn:HZ99_09460	ko:K02389
pfn:HZ99_09465	ko:K02388
pfn:HZ99_09470	ko:K02387
pfn:HZ99_09475	ko:K00575
pfn:HZ99_09480	ko:K03415
pfn:HZ99_09485	ko:K02386
pfn:HZ99_09490	ko:K02398
pfn:HZ99_09495	ko:K02399
pfn:HZ99_09540	ko:K08679
pfn:HZ99_09545	ko:K02012
pfn:HZ99_09550	ko:K02011
pfn:HZ99_09555	ko:K02010
pfn:HZ99_09560	ko:K07806
pfn:HZ99_09565	ko:K10012
pfn:HZ99_09570	ko:K10011
pfn:HZ99_09575	ko:K13014
pfn:HZ99_09580	ko:K07264
pfn:HZ99_09585	ko:K12962
pfn:HZ99_09590	ko:K12963
pfn:HZ99_09595	ko:K00012
pfn:HZ99_09630	ko:K02483
pfn:HZ99_09645	ko:K07481
pfn:HZ99_09660	ko:K07481
pfn:HZ99_09815	ko:K14219
pfn:HZ99_09840	ko:K06213
pfn:HZ99_09845	ko:K14219
pfn:HZ99_09850	ko:K14219
pfn:HZ99_09855	ko:K14233
pfn:HZ99_09860	ko:K03563
pfn:HZ99_09865	ko:K00928
pfn:HZ99_09870	ko:K01872
pfn:HZ99_09875	ko:K01620
pfn:HZ99_09880	ko:K00794
pfn:HZ99_09885	ko:K05526
pfn:HZ99_09895	ko:K01484
pfn:HZ99_09900	ko:K06447
pfn:HZ99_09905	ko:K00673
pfn:HZ99_09910	ko:K00673
pfn:HZ99_09915	ko:K00840
pfn:HZ99_09925	ko:K21825
pfn:HZ99_09930	ko:K10025
pfn:HZ99_09935	ko:K06987
pfn:HZ99_09940	ko:K10023
pfn:HZ99_09945	ko:K10024
pfn:HZ99_09950	ko:K10022
pfn:HZ99_09955	ko:K01895
pfn:HZ99_09965	ko:K07481
pfn:HZ99_09980	ko:K17315
pfn:HZ99_09985	ko:K00526
pfn:HZ99_10015	ko:K19736
pfn:HZ99_10020	ko:K18968
pfn:HZ99_10025	ko:K03406
pfn:HZ99_10035	ko:K01126
pfn:HZ99_10045	ko:K03406
pfn:HZ99_10050	ko:K16074
pfn:HZ99_10055	ko:K03306
pfn:HZ99_10070	ko:K07160
pfn:HZ99_10100	ko:K03088
pfn:HZ99_10135	ko:K13653
pfn:HZ99_10140	ko:K14261
pfn:HZ99_10145	ko:K03299
pfn:HZ99_10150	ko:K00851
pfn:HZ99_10155	ko:K06145
pfn:HZ99_10160	ko:K00799
pfn:HZ99_10165	ko:K18981
pfn:HZ99_10175	ko:K03406
pfn:HZ99_10190	ko:K01462
pfn:HZ99_10195	ko:K07058
pfn:HZ99_10210	ko:K01897
pfn:HZ99_10215	ko:K01897
pfn:HZ99_10225	ko:K17865
pfn:HZ99_10235	ko:K09954
pfn:HZ99_10245	ko:K01625
pfn:HZ99_10250	ko:K01057
pfn:HZ99_10255	ko:K00036
pfn:HZ99_10260	ko:K19337
pfn:HZ99_10270	ko:K07267
pfn:HZ99_10275	ko:K10112
pfn:HZ99_10280	ko:K17317
pfn:HZ99_10285	ko:K17316
pfn:HZ99_10290	ko:K17315
pfn:HZ99_10295	ko:K18479
pfn:HZ99_10310	ko:K05596
pfn:HZ99_10315	ko:K09964
pfn:HZ99_10320	ko:K06895
pfn:HZ99_10325	ko:K04564
pfn:HZ99_10335	ko:K21024
pfn:HZ99_10340	ko:K07231
pfn:HZ99_10345	ko:K03498
pfn:HZ99_10380	ko:K15034
pfn:HZ99_10385	ko:K11734
pfn:HZ99_10390	ko:K06178
pfn:HZ99_10395	ko:K06938
pfn:HZ99_10400	ko:K06024
pfn:HZ99_10405	ko:K05896
pfn:HZ99_10415	ko:K07053
pfn:HZ99_10420	ko:K06190
pfn:HZ99_10425	ko:K09780
pfn:HZ99_10435	ko:K07662
pfn:HZ99_10440	ko:K06006
pfn:HZ99_10455	ko:K03758
pfn:HZ99_10460	ko:K03758
pfn:HZ99_10465	ko:K01478
pfn:HZ99_10470	ko:K00611
pfn:HZ99_10475	ko:K00926
pfn:HZ99_10485	ko:K03721
pfn:HZ99_10495	ko:K02437
pfn:HZ99_10500	ko:K00281
pfn:HZ99_10505	ko:K01752
pfn:HZ99_10510	ko:K00605
pfn:HZ99_10515	ko:K03704
pfn:HZ99_10525	ko:K03517
pfn:HZ99_10535	ko:K29125
pfn:HZ99_10560	ko:K14229
pfn:HZ99_10565	ko:K06920
pfn:HZ99_10570	ko:K10026
pfn:HZ99_10580	ko:K03640
pfn:HZ99_10585	ko:K03641
pfn:HZ99_10590	ko:K03646
pfn:HZ99_10595	ko:K03560
pfn:HZ99_10600	ko:K03562
pfn:HZ99_10605	ko:K01075
pfn:HZ99_10610	ko:K03551
pfn:HZ99_10615	ko:K03550
pfn:HZ99_10620	ko:K01159
pfn:HZ99_10630	ko:K01876
pfn:HZ99_10645	ko:K04047
pfn:HZ99_10650	ko:K03704
pfn:HZ99_10655	ko:K03745
pfn:HZ99_10665	ko:K18093
pfn:HZ99_10670	ko:K07481
pfn:HZ99_10675	ko:K03442
pfn:HZ99_10680	ko:K09767
pfn:HZ99_10685	ko:K00077
pfn:HZ99_10695	ko:K00798
pfn:HZ99_10700	ko:K03574
pfn:HZ99_10705	ko:K00620
pfn:HZ99_10710	ko:K03070
pfn:HZ99_10720	ko:K06915
pfn:HZ99_10725	ko:K03406
pfn:HZ99_10735	ko:K01433
pfn:HZ99_10745	ko:K01141
pfn:HZ99_10775	ko:K03924
pfn:HZ99_10795	ko:K00873
pfn:HZ99_10810	ko:K01676
pfn:HZ99_10815	ko:K10125
pfn:HZ99_10820	ko:K10126
pfn:HZ99_10825	ko:K03761
pfn:HZ99_10860	ko:K02483
pfn:HZ99_10865	ko:K00845
pfn:HZ99_10870	ko:K01690
pfn:HZ99_10875	ko:K00134
pfn:HZ99_10885	ko:K07165
pfn:HZ99_10890	ko:K16087
pfn:HZ99_10895	ko:K07215
pfn:HZ99_10900	ko:K09790
pfn:HZ99_10905	ko:K03406
pfn:HZ99_10920	ko:K07338
pfn:HZ99_10925	ko:K09947
pfn:HZ99_10930	ko:K03585
pfn:HZ99_10935	ko:K18138
pfn:HZ99_10940	ko:K11444
pfn:HZ99_10945	ko:K13491
pfn:HZ99_10950	ko:K13490
pfn:HZ99_10955	ko:K13489
pfn:HZ99_10960	ko:K13486
pfn:HZ99_10965	ko:K13488
pfn:HZ99_10970	ko:K13487
pfn:HZ99_11010	ko:K04077
pfn:HZ99_11015	ko:K04078
pfn:HZ99_11020	ko:K07113
pfn:HZ99_11025	ko:K07226
pfn:HZ99_11030	ko:K00059
pfn:HZ99_11040	ko:K07443
pfn:HZ99_11045	ko:K08218
pfn:HZ99_11050	ko:K01881
pfn:HZ99_11060	ko:K02346
pfn:HZ99_11065	ko:K14230
pfn:HZ99_11070	ko:K14230
pfn:HZ99_11075	ko:K14205
pfn:HZ99_11085	ko:K03549
pfn:HZ99_11090	ko:K14441
pfn:HZ99_11095	ko:K03826
pfn:HZ99_11100	ko:K06182
pfn:HZ99_11110	ko:K22900
pfn:HZ99_11115	ko:K00528
pfn:HZ99_11125	ko:K00901
pfn:HZ99_11135	ko:K05812
pfn:HZ99_11150	ko:K03565
pfn:HZ99_11155	ko:K03553
pfn:HZ99_11160	ko:K03743
pfn:HZ99_11170	ko:K03791
pfn:HZ99_11175	ko:K06905
pfn:HZ99_11185	ko:K06906
pfn:HZ99_11205	ko:K06907
pfn:HZ99_11240	ko:K06903
pfn:HZ99_11265	ko:K03555
pfn:HZ99_11270	ko:K05524
pfn:HZ99_11275	ko:K03593
pfn:HZ99_11280	ko:K01874
pfn:HZ99_11285	ko:K03617
pfn:HZ99_11290	ko:K03616
pfn:HZ99_11295	ko:K03614
pfn:HZ99_11300	ko:K03612
pfn:HZ99_11305	ko:K03613
pfn:HZ99_11310	ko:K10773
pfn:HZ99_11320	ko:K07690
pfn:HZ99_11325	ko:K01940
pfn:HZ99_11330	ko:K21218
pfn:HZ99_11335	ko:K01465
pfn:HZ99_11340	ko:K03683
pfn:HZ99_11345	ko:K03386
pfn:HZ99_11350	ko:K02192
pfn:HZ99_11355	ko:K03594
pfn:HZ99_11360	ko:K07390
pfn:HZ99_11370	ko:K00611
pfn:HZ99_11375	ko:K02010
pfn:HZ99_11380	ko:K03976
pfn:HZ99_11385	ko:K02440
pfn:HZ99_11390	ko:K00864
pfn:HZ99_11395	ko:K02444
pfn:HZ99_11400	ko:K00111
pfn:HZ99_11405	ko:K10001
pfn:HZ99_11410	ko:K10003
pfn:HZ99_11415	ko:K10002
pfn:HZ99_11420	ko:K10004
pfn:HZ99_11425	ko:K17060
pfn:HZ99_11430	ko:K17061
pfn:HZ99_11435	ko:K02442
pfn:HZ99_11455	ko:K03928
pfn:HZ99_11460	ko:K07250
pfn:HZ99_11500	ko:K03576
pfn:HZ99_11510	ko:K03574
pfn:HZ99_11520	ko:K02909
pfn:HZ99_11540	ko:K03293
pfn:HZ99_11565	ko:K21965
pfn:HZ99_11570	ko:K21966
pfn:HZ99_11600	ko:K02014
pfn:HZ99_11605	ko:K07267
pfn:HZ99_11610	ko:K00117
pfn:HZ99_11620	ko:K02055
pfn:HZ99_11635	ko:K00059
pfn:HZ99_11640	ko:K00059
pfn:HZ99_11650	ko:K22278
pfn:HZ99_11660	ko:K01338
pfn:HZ99_11665	ko:K14475
pfn:HZ99_11675	ko:K15256
pfn:HZ99_11680	ko:K15257
pfn:HZ99_11685	ko:K11991
pfn:HZ99_11695	ko:K03474
pfn:HZ99_11700	ko:K03584
pfn:HZ99_11705	ko:K03595
pfn:HZ99_11710	ko:K03685
pfn:HZ99_11715	ko:K03100
pfn:HZ99_11720	ko:K03596
pfn:HZ99_11725	ko:K11720
pfn:HZ99_11730	ko:K07091
pfn:HZ99_11735	ko:K01255
pfn:HZ99_11740	ko:K02339
pfn:HZ99_11750	ko:K01873
pfn:HZ99_11755	ko:K06970
pfn:HZ99_11760	ko:K03530
pfn:HZ99_11765	ko:K06899
pfn:HZ99_11780	ko:K07461
pfn:HZ99_11790	ko:K07687
pfn:HZ99_11840	ko:K03449
pfn:HZ99_11850	ko:K09972
pfn:HZ99_11855	ko:K09971
pfn:HZ99_11860	ko:K09970
pfn:HZ99_11865	ko:K09969
pfn:HZ99_11870	ko:K06999
pfn:HZ99_11875	ko:K03732
pfn:HZ99_11880	ko:K19746
pfn:HZ99_11885	ko:K03635
pfn:HZ99_11890	ko:K03636
pfn:HZ99_11895	ko:K03637
pfn:HZ99_11900	ko:K07175
pfn:HZ99_11910	ko:K09861
pfn:HZ99_11915	ko:K00066
pfn:HZ99_11920	ko:K19290
pfn:HZ99_11925	ko:K19291
pfn:HZ99_11930	ko:K19292
pfn:HZ99_11935	ko:K16081
pfn:HZ99_11940	ko:K01795
pfn:HZ99_11945	ko:K19293
pfn:HZ99_11950	ko:K01729
pfn:HZ99_11955	ko:K19294
pfn:HZ99_11960	ko:K19295
pfn:HZ99_11965	ko:K19296
pfn:HZ99_11970	ko:K16011
pfn:HZ99_12005	ko:K18139
pfn:HZ99_12015	ko:K00090
pfn:HZ99_12020	ko:K03415
pfn:HZ99_12035	ko:K03776
pfn:HZ99_12050	ko:K21135
pfn:HZ99_12055	ko:K21133
pfn:HZ99_12060	ko:K07665
pfn:HZ99_12065	ko:K07644
pfn:HZ99_12080	ko:K02535
pfn:HZ99_12085	ko:K03531
pfn:HZ99_12090	ko:K03590
pfn:HZ99_12095	ko:K03589
pfn:HZ99_12100	ko:K01921
pfn:HZ99_12105	ko:K01924
pfn:HZ99_12110	ko:K02563
pfn:HZ99_12115	ko:K03588
pfn:HZ99_12120	ko:K01925
pfn:HZ99_12125	ko:K01000
pfn:HZ99_12130	ko:K01929
pfn:HZ99_12135	ko:K01928
pfn:HZ99_12140	ko:K03587
pfn:HZ99_12145	ko:K03586
pfn:HZ99_12150	ko:K03438
pfn:HZ99_12155	ko:K03925
pfn:HZ99_12160	ko:K07056
pfn:HZ99_12165	ko:K07121
pfn:HZ99_12170	ko:K07460
pfn:HZ99_12175	ko:K03271
pfn:HZ99_12180	ko:K28369
pfn:HZ99_12190	ko:K01069
pfn:HZ99_12195	ko:K09136
pfn:HZ99_12200	ko:K03556
pfn:HZ99_12220	ko:K05835
pfn:HZ99_12225	ko:K00018
pfn:HZ99_12230	ko:K00564
pfn:HZ99_12235	ko:K23541
pfn:HZ99_12245	ko:K03406
pfn:HZ99_12280	ko:K07286
pfn:HZ99_12295	ko:K00116
pfn:HZ99_12310	ko:K00760
pfn:HZ99_12315	ko:K00761
pfn:HZ99_12320	ko:K02824
pfn:HZ99_12325	ko:K00817
pfn:HZ99_12330	ko:K00013
pfn:HZ99_12335	ko:K00765
pfn:HZ99_12340	ko:K00790
pfn:HZ99_12350	ko:K07122
pfn:HZ99_12355	ko:K07323
pfn:HZ99_12360	ko:K02067
pfn:HZ99_12365	ko:K02066
pfn:HZ99_12370	ko:K02065
pfn:HZ99_12375	ko:K06041
pfn:HZ99_12380	ko:K03270
pfn:HZ99_12385	ko:K11719
pfn:HZ99_12390	ko:K09774
pfn:HZ99_12395	ko:K06861
pfn:HZ99_12400	ko:K03092
pfn:HZ99_12405	ko:K05808
pfn:HZ99_12410	ko:K02806
pfn:HZ99_12415	ko:K06958
pfn:HZ99_12420	ko:K08485
pfn:HZ99_12425	ko:K07238
pfn:HZ99_12430	ko:K04564
pfn:HZ99_12440	ko:K01679
pfn:HZ99_12450	ko:K03592
pfn:HZ99_12455	ko:K09889
pfn:HZ99_12460	ko:K03568
pfn:HZ99_12465	ko:K11206
pfn:HZ99_12475	ko:K08301
pfn:HZ99_12480	ko:K06287
pfn:HZ99_12485	ko:K03571
pfn:HZ99_12490	ko:K03570
pfn:HZ99_12495	ko:K03569
pfn:HZ99_12500	ko:K02435
pfn:HZ99_12505	ko:K02433
pfn:HZ99_12510	ko:K02434
pfn:HZ99_12515	ko:K03642
pfn:HZ99_12520	ko:K07301
pfn:HZ99_12525	ko:K01607
pfn:HZ99_12530	ko:K24180
pfn:HZ99_12540	ko:K03600
pfn:HZ99_12545	ko:K03599
pfn:HZ99_12550	ko:K00413
pfn:HZ99_12555	ko:K00412
pfn:HZ99_12560	ko:K00411
pfn:HZ99_12565	ko:K02996
pfn:HZ99_12570	ko:K02871
pfn:HZ99_12580	ko:K00255
pfn:HZ99_12590	ko:K06916
pfn:HZ99_12595	ko:K01867
pfn:HZ99_12600	ko:K07018
pfn:HZ99_12605	ko:K09908
pfn:HZ99_12610	ko:K15012
pfn:HZ99_12615	ko:K15011
pfn:HZ99_12630	ko:K12368
pfn:HZ99_12635	ko:K12368
pfn:HZ99_12640	ko:K12368
pfn:HZ99_12650	ko:K12368
pfn:HZ99_12655	ko:K12369
pfn:HZ99_12660	ko:K12370
pfn:HZ99_12665	ko:K12371
pfn:HZ99_12670	ko:K12372
pfn:HZ99_12680	ko:K19611
pfn:HZ99_12685	ko:K02837
pfn:HZ99_12690	ko:K05846
pfn:HZ99_12695	ko:K05845
pfn:HZ99_12700	ko:K05846
pfn:HZ99_12705	ko:K05847
pfn:HZ99_12710	ko:K01581
pfn:HZ99_12715	ko:K07126
pfn:HZ99_12720	ko:K07336
pfn:HZ99_12725	ko:K16090
pfn:HZ99_12730	ko:K00380
pfn:HZ99_12735	ko:K01113
pfn:HZ99_12740	ko:K02770
pfn:HZ99_12745	ko:K00882
pfn:HZ99_12750	ko:K23993
pfn:HZ99_12755	ko:K03435
pfn:HZ99_12760	ko:K03424
pfn:HZ99_12770	ko:K03406
pfn:HZ99_12775	ko:K03807
pfn:HZ99_12780	ko:K03806
pfn:HZ99_12790	ko:K00767
pfn:HZ99_12800	ko:K14234
pfn:HZ99_12810	ko:K02650
pfn:HZ99_12815	ko:K02653
pfn:HZ99_12820	ko:K02654
pfn:HZ99_12825	ko:K00859
pfn:HZ99_12830	ko:K09862
pfn:HZ99_12860	ko:K03885
pfn:HZ99_12865	ko:K14232
pfn:HZ99_12870	ko:K14229
pfn:HZ99_12875	ko:K14232
pfn:HZ99_12880	ko:K14220
pfn:HZ99_12885	ko:K03695
pfn:HZ99_12890	ko:K05810
pfn:HZ99_12895	ko:K06180
pfn:HZ99_12900	ko:K05807
pfn:HZ99_12905	ko:K06950
pfn:HZ99_12910	ko:K03153
pfn:HZ99_12915	ko:K02655
pfn:HZ99_12920	ko:K02673
pfn:HZ99_12925	ko:K02672
pfn:HZ99_12930	ko:K02671
pfn:HZ99_12935	ko:K08084
pfn:HZ99_12940	ko:K03527
pfn:HZ99_12945	ko:K03774
pfn:HZ99_12950	ko:K03101
pfn:HZ99_12955	ko:K01870
pfn:HZ99_12960	ko:K11753
pfn:HZ99_12965	ko:K03980
pfn:HZ99_12970	ko:K02968
pfn:HZ99_12975	ko:K05805
pfn:HZ99_12980	ko:K00931
pfn:HZ99_12985	ko:K03979
pfn:HZ99_12990	ko:K02899
pfn:HZ99_12995	ko:K02888
pfn:HZ99_13000	ko:K02523
pfn:HZ99_13005	ko:K06193
pfn:HZ99_13015	ko:K03773
pfn:HZ99_13060	ko:K00262
pfn:HZ99_13065	ko:K06020
pfn:HZ99_13075	ko:K00600
pfn:HZ99_13090	ko:K06200
pfn:HZ99_13100	ko:K04485
pfn:HZ99_13105	ko:K06867
pfn:HZ99_13110	ko:K03781
pfn:HZ99_13115	ko:K03282
pfn:HZ99_13120	ko:K00528
pfn:HZ99_13130	ko:K11391
pfn:HZ99_13140	ko:K00426
pfn:HZ99_13145	ko:K00425
pfn:HZ99_13160	ko:K06901
pfn:HZ99_13165	ko:K00557
pfn:HZ99_13170	ko:K16152
pfn:HZ99_13175	ko:K07165
pfn:HZ99_13190	ko:K25901
pfn:HZ99_13200	ko:K26400
pfn:HZ99_13205	ko:K08191
pfn:HZ99_13220	ko:K07054
pfn:HZ99_13235	ko:K10805
pfn:HZ99_13255	ko:K11927
pfn:HZ99_13265	ko:K03719
pfn:HZ99_13270	ko:K02342
pfn:HZ99_13280	ko:K09945
pfn:HZ99_13315	ko:K00986
pfn:HZ99_13330	ko:K07481
pfn:HZ99_13335	ko:K02041
pfn:HZ99_13340	ko:K02044
pfn:HZ99_13345	ko:K02042
pfn:HZ99_13350	ko:K18916
pfn:HZ99_13355	ko:K21703
pfn:HZ99_13365	ko:K07484
pfn:HZ99_13390	ko:K07481
pfn:HZ99_13410	ko:K03579
pfn:HZ99_13420	ko:K13283
pfn:HZ99_13430	ko:K03719
pfn:HZ99_13440	ko:K06181
pfn:HZ99_13445	ko:K01241
pfn:HZ99_13450	ko:K09456
pfn:HZ99_13455	ko:K20971
pfn:HZ99_13460	ko:K00941
pfn:HZ99_13465	ko:K00788
pfn:HZ99_13470	ko:K01845
pfn:HZ99_13475	ko:K07126
pfn:HZ99_13485	ko:K06168
pfn:HZ99_13490	ko:K06217
pfn:HZ99_13495	ko:K07042
pfn:HZ99_13500	ko:K06189
pfn:HZ99_13505	ko:K03820
pfn:HZ99_13520	ko:K01869
pfn:HZ99_13525	ko:K03643
pfn:HZ99_13530	ko:K02340
pfn:HZ99_13535	ko:K09890
pfn:HZ99_13540	ko:K08305
pfn:HZ99_13545	ko:K01297
pfn:HZ99_13550	ko:K03644
pfn:HZ99_13555	ko:K03801
pfn:HZ99_13560	ko:K09158
pfn:HZ99_13565	ko:K07258
pfn:HZ99_13570	ko:K03642
pfn:HZ99_13575	ko:K08305
pfn:HZ99_13580	ko:K05837
pfn:HZ99_13585	ko:K05515
pfn:HZ99_13590	ko:K00783
pfn:HZ99_13595	ko:K09710
pfn:HZ99_13600	ko:K00969
pfn:HZ99_13605	ko:K00147
pfn:HZ99_13610	ko:K03652
pfn:HZ99_13625	ko:K07157
pfn:HZ99_13635	ko:K06518
pfn:HZ99_13660	ko:K03186
pfn:HZ99_13665	ko:K02558
pfn:HZ99_13675	ko:K21405
pfn:HZ99_13680	ko:K00138
pfn:HZ99_13685	ko:K16238
pfn:HZ99_13690	ko:K03735
pfn:HZ99_13695	ko:K03736
pfn:HZ99_13705	ko:K03975
pfn:HZ99_13710	ko:K09933
pfn:HZ99_13715	ko:K01507
pfn:HZ99_13780	ko:K16137
pfn:HZ99_13785	ko:K08325
pfn:HZ99_13800	ko:K00135
pfn:HZ99_13805	ko:K00128
pfn:HZ99_13810	ko:K10680
pfn:HZ99_13830	ko:K07141
pfn:HZ99_13840	ko:K07481
pfn:HZ99_13855	ko:K07402
pfn:HZ99_13865	ko:K07303
pfn:HZ99_13870	ko:K07302
pfn:HZ99_13875	ko:K23256
pfn:HZ99_13880	ko:K16137
pfn:HZ99_13890	ko:K07483
pfn:HZ99_13895	ko:K07497
pfn:HZ99_13900	ko:K01607
pfn:HZ99_13915	ko:K03446
pfn:HZ99_13945	ko:K03630
pfn:HZ99_13960	ko:K04046
pfn:HZ99_14030	ko:K01156
pfn:HZ99_14035	ko:K03655
pfn:HZ99_14040	ko:K07316
pfn:HZ99_14080	ko:K00111
pfn:HZ99_14085	ko:K00803
pfn:HZ99_14100	ko:K03602
pfn:HZ99_14105	ko:K13789
pfn:HZ99_14110	ko:K01662
pfn:HZ99_14115	ko:K16092
pfn:HZ99_14120	ko:K06858
pfn:HZ99_14130	ko:K01497
pfn:HZ99_14135	ko:K02030
pfn:HZ99_14140	ko:K00946
pfn:HZ99_14145	ko:K03625
pfn:HZ99_14150	ko:K00794
pfn:HZ99_14155	ko:K14652
pfn:HZ99_14160	ko:K00793
pfn:HZ99_14165	ko:K11752
pfn:HZ99_14170	ko:K07738
pfn:HZ99_14185	ko:K05838
pfn:HZ99_14200	ko:K02003
pfn:HZ99_14205	ko:K02004
pfn:HZ99_14210	ko:K09950
pfn:HZ99_14225	ko:K07275
pfn:HZ99_14230	ko:K00067
pfn:HZ99_14250	ko:K00598
pfn:HZ99_14265	ko:K07483
pfn:HZ99_14270	ko:K07497
pfn:HZ99_14285	ko:K03111
pfn:HZ99_14295	ko:K03701
pfn:HZ99_14300	ko:K03594
pfn:HZ99_14305	ko:K03781
pfn:HZ99_14310	ko:K02879
pfn:HZ99_14315	ko:K03040
pfn:HZ99_14320	ko:K02986
pfn:HZ99_14325	ko:K02948
pfn:HZ99_14330	ko:K02952
pfn:HZ99_14335	ko:K03076
pfn:HZ99_14340	ko:K02876
pfn:HZ99_14345	ko:K02907
pfn:HZ99_14350	ko:K02988
pfn:HZ99_14355	ko:K02881
pfn:HZ99_14360	ko:K02933
pfn:HZ99_14365	ko:K02994
pfn:HZ99_14370	ko:K02954
pfn:HZ99_14375	ko:K02931
pfn:HZ99_14380	ko:K02895
pfn:HZ99_14385	ko:K02874
pfn:HZ99_14390	ko:K02961
pfn:HZ99_14395	ko:K02904
pfn:HZ99_14400	ko:K02878
pfn:HZ99_14405	ko:K02982
pfn:HZ99_14410	ko:K02890
pfn:HZ99_14415	ko:K02965
pfn:HZ99_14420	ko:K02886
pfn:HZ99_14425	ko:K02892
pfn:HZ99_14430	ko:K02926
pfn:HZ99_14435	ko:K02906
pfn:HZ99_14440	ko:K02946
pfn:HZ99_14445	ko:K02358
pfn:HZ99_14450	ko:K02355
pfn:HZ99_14455	ko:K02992
pfn:HZ99_14460	ko:K02950
pfn:HZ99_14465	ko:K03046
pfn:HZ99_14470	ko:K03043
pfn:HZ99_14475	ko:K02935
pfn:HZ99_14480	ko:K02864
pfn:HZ99_14485	ko:K02863
pfn:HZ99_14490	ko:K02867
pfn:HZ99_14495	ko:K02601
pfn:HZ99_14500	ko:K03073
pfn:HZ99_14505	ko:K14235
pfn:HZ99_14510	ko:K14234
pfn:HZ99_14515	ko:K14225
pfn:HZ99_14520	ko:K14236
pfn:HZ99_14530	ko:K03525
pfn:HZ99_14535	ko:K03524
pfn:HZ99_14540	ko:K01985
pfn:HZ99_14545	ko:K01980
pfn:HZ99_14550	ko:K14218
pfn:HZ99_14555	ko:K14227
pfn:HZ99_14560	ko:K01977
pfn:HZ99_14565	ko:K01866
pfn:HZ99_14575	ko:K09001
pfn:HZ99_14580	ko:K15724
pfn:HZ99_14585	ko:K00145
pfn:HZ99_14590	ko:K08973
pfn:HZ99_14595	ko:K00459
pfn:HZ99_14605	ko:K07124
pfn:HZ99_14610	ko:K02503
pfn:HZ99_14615	ko:K06134
pfn:HZ99_14620	ko:K07397
pfn:HZ99_14625	ko:K10914
pfn:HZ99_14635	ko:K01609
pfn:HZ99_14640	ko:K00766
pfn:HZ99_14645	ko:K01658
pfn:HZ99_14655	ko:K12686
pfn:HZ99_14660	ko:K01657
pfn:HZ99_14665	ko:K01091
pfn:HZ99_14670	ko:K01783
pfn:HZ99_14675	ko:K19954
pfn:HZ99_14680	ko:K02053
pfn:HZ99_14685	ko:K02054
pfn:HZ99_14690	ko:K02055
pfn:HZ99_14695	ko:K02052
pfn:HZ99_14715	ko:K05801
pfn:HZ99_14720	ko:K00992
pfn:HZ99_14725	ko:K07102
pfn:HZ99_14730	ko:K04744
pfn:HZ99_14735	ko:K03771
pfn:HZ99_14740	ko:K00097
pfn:HZ99_14745	ko:K02528
pfn:HZ99_14750	ko:K06195
pfn:HZ99_14755	ko:K01525
pfn:HZ99_14760	ko:K02439
pfn:HZ99_14765	ko:K07180
pfn:HZ99_14770	ko:K09786
pfn:HZ99_14775	ko:K06415
pfn:HZ99_14780	ko:K00974
pfn:HZ99_14785	ko:K00950
pfn:HZ99_14790	ko:K01633
pfn:HZ99_14795	ko:K08591
pfn:HZ99_14800	ko:K25706
pfn:HZ99_14805	ko:K02970
pfn:HZ99_14810	ko:K02316
pfn:HZ99_14815	ko:K03086
pfn:HZ99_14825	ko:K14230
pfn:HZ99_14850	ko:K03581
pfn:HZ99_14900	ko:K07240
pfn:HZ99_14925	ko:K15725
pfn:HZ99_14935	ko:K15726
pfn:HZ99_14940	ko:K15727
pfn:HZ99_14945	ko:K07807
pfn:HZ99_15040	ko:K23239
pfn:HZ99_15045	ko:K00537
pfn:HZ99_15050	ko:K11811
pfn:HZ99_15055	ko:K03741
pfn:HZ99_15060	ko:K03893
pfn:HZ99_15065	ko:K03892
pfn:HZ99_15070	ko:K23988
pfn:HZ99_15095	ko:K07484
pfn:HZ99_15100	ko:K07484
pfn:HZ99_15105	ko:K07483
pfn:HZ99_15135	ko:K00468
pfn:HZ99_15140	ko:K01506
pfn:HZ99_15155	ko:K06136
pfn:HZ99_15160	ko:K06137
pfn:HZ99_15165	ko:K06138
pfn:HZ99_15170	ko:K06139
pfn:HZ99_15185	ko:K00821
pfn:HZ99_15190	ko:K11921
pfn:HZ99_15195	ko:K20035
pfn:HZ99_15210	ko:K20035
pfn:HZ99_15220	ko:K01935
pfn:HZ99_15225	ko:K02169
pfn:HZ99_15230	ko:K02170
pfn:HZ99_15235	ko:K00652
pfn:HZ99_15240	ko:K01012
pfn:HZ99_15250	ko:K02019
pfn:HZ99_15260	ko:K05786
pfn:HZ99_15270	ko:K01638
pfn:HZ99_15280	ko:K07182
pfn:HZ99_15285	ko:K02342
pfn:HZ99_15290	ko:K23514
pfn:HZ99_15295	ko:K07165
pfn:HZ99_15300	ko:K02014
pfn:HZ99_15320	ko:K06143
pfn:HZ99_15325	ko:K07641
pfn:HZ99_15330	ko:K07663
pfn:HZ99_15355	ko:K00148
pfn:HZ99_15360	ko:K01433
pfn:HZ99_15365	ko:K00305
pfn:HZ99_15370	ko:K00302
pfn:HZ99_15375	ko:K00304
pfn:HZ99_15380	ko:K00303
pfn:HZ99_15385	ko:K00600
pfn:HZ99_15395	ko:K01620
pfn:HZ99_15400	ko:K21832
pfn:HZ99_15405	ko:K00479
pfn:HZ99_15410	ko:K25961
pfn:HZ99_15415	ko:K25960
pfn:HZ99_15420	ko:K21834
pfn:HZ99_15425	ko:K21833
pfn:HZ99_15435	ko:K01273
pfn:HZ99_15450	ko:K17736
pfn:HZ99_15455	ko:K02002
pfn:HZ99_15460	ko:K27837
pfn:HZ99_15465	ko:K17735
pfn:HZ99_15470	ko:K27492
pfn:HZ99_15480	ko:K21826
pfn:HZ99_15485	ko:K01752
pfn:HZ99_15490	ko:K02002
pfn:HZ99_15495	ko:K02001
pfn:HZ99_15500	ko:K02000
pfn:HZ99_15505	ko:K02168
pfn:HZ99_15510	ko:K02167
pfn:HZ99_15515	ko:K00130
pfn:HZ99_15520	ko:K00108
pfn:HZ99_15540	ko:K18100
pfn:HZ99_15550	ko:K05591
pfn:HZ99_15565	ko:K02030
pfn:HZ99_15570	ko:K02348
pfn:HZ99_15580	ko:K07043
pfn:HZ99_15595	ko:K25317
pfn:HZ99_15600	ko:K01624
pfn:HZ99_15615	ko:K00927
pfn:HZ99_15620	ko:K03472
pfn:HZ99_15625	ko:K00615
pfn:HZ99_15635	ko:K00789
pfn:HZ99_15645	ko:K01972
pfn:HZ99_15660	ko:K08304
pfn:HZ99_15685	ko:K21990
pfn:HZ99_15690	ko:K16638
pfn:HZ99_15705	ko:K01251
pfn:HZ99_15710	ko:K00297
pfn:HZ99_15715	ko:K02030
pfn:HZ99_15720	ko:K11927
pfn:HZ99_15735	ko:K00833
pfn:HZ99_15740	ko:K09761
pfn:HZ99_15755	ko:K00285
pfn:HZ99_15765	ko:K11068
pfn:HZ99_15770	ko:K13928
pfn:HZ99_15785	ko:K13935
pfn:HZ99_15790	ko:K13934
pfn:HZ99_15795	ko:K13933
pfn:HZ99_15800	ko:K13932
pfn:HZ99_15805	ko:K13931
pfn:HZ99_15810	ko:K13930
pfn:HZ99_15815	ko:K13929
pfn:HZ99_15830	ko:K21498
pfn:HZ99_15835	ko:K06598
pfn:HZ99_15840	ko:K06596
pfn:HZ99_15845	ko:K02660
pfn:HZ99_15850	ko:K02659
pfn:HZ99_15855	ko:K02658
pfn:HZ99_15860	ko:K02657
pfn:HZ99_15865	ko:K01920
pfn:HZ99_15870	ko:K03832
pfn:HZ99_15875	ko:K07735
pfn:HZ99_15880	ko:K07447
pfn:HZ99_15885	ko:K02825
pfn:HZ99_15890	ko:K00609
pfn:HZ99_15895	ko:K01465
pfn:HZ99_15910	ko:K02669
pfn:HZ99_15915	ko:K06997
pfn:HZ99_15920	ko:K00286
pfn:HZ99_15925	ko:K02221
pfn:HZ99_15930	ko:K00641
pfn:HZ99_15945	ko:K01519
pfn:HZ99_15960	ko:K03439
pfn:HZ99_15965	ko:K03149
pfn:HZ99_15970	ko:K03154
pfn:HZ99_15980	ko:K03814
pfn:HZ99_15985	ko:K03089
pfn:HZ99_15990	ko:K09811
pfn:HZ99_15995	ko:K09812
pfn:HZ99_16000	ko:K03110
pfn:HZ99_16005	ko:K07263
pfn:HZ99_16010	ko:K07263
pfn:HZ99_16015	ko:K08316
pfn:HZ99_16020	ko:K07019
pfn:HZ99_16025	ko:K01011
pfn:HZ99_16035	ko:K00154
pfn:HZ99_16050	ko:K00954
pfn:HZ99_16060	ko:K10563
pfn:HZ99_16070	ko:K06969
pfn:HZ99_16075	ko:K01687
pfn:HZ99_16080	ko:K21830
pfn:HZ99_16085	ko:K06956
pfn:HZ99_16090	ko:K00287
pfn:HZ99_16105	ko:K21196
pfn:HZ99_16110	ko:K27877
pfn:HZ99_16115	ko:K02012
pfn:HZ99_16120	ko:K02011
pfn:HZ99_16125	ko:K02010
pfn:HZ99_16135	ko:K01534
pfn:HZ99_16145	ko:K00560
pfn:HZ99_16150	ko:K13292
pfn:HZ99_16160	ko:K08484
pfn:HZ99_16165	ko:K08311
pfn:HZ99_16170	ko:K28842
pfn:HZ99_16180	ko:K01754
pfn:HZ99_16185	ko:K01807
pfn:HZ99_16205	ko:K29029
pfn:HZ99_16215	ko:K00058
pfn:HZ99_16225	ko:K02424
pfn:HZ99_16235	ko:K07394
pfn:HZ99_16255	ko:K01434
pfn:HZ99_16270	ko:K11074
pfn:HZ99_16275	ko:K11075
pfn:HZ99_16280	ko:K11076
pfn:HZ99_16285	ko:K11073
pfn:HZ99_16290	ko:K11073
pfn:HZ99_16295	ko:K12256
pfn:HZ99_16300	ko:K01915
pfn:HZ99_16305	ko:K07010
pfn:HZ99_16310	ko:K01915
pfn:HZ99_16325	ko:K15555
pfn:HZ99_16330	ko:K15554
pfn:HZ99_16335	ko:K04091
pfn:HZ99_16340	ko:K15553
pfn:HZ99_16345	ko:K00299
pfn:HZ99_16350	ko:K24158
pfn:HZ99_16360	ko:K15551
pfn:HZ99_16365	ko:K14682
pfn:HZ99_16370	ko:K01438
pfn:HZ99_16380	ko:K05800
pfn:HZ99_16390	ko:K02454
pfn:HZ99_16400	ko:K07340
pfn:HZ99_16415	ko:K02437
pfn:HZ99_16420	ko:K00605
pfn:HZ99_16425	ko:K02011
pfn:HZ99_16430	ko:K02012
pfn:HZ99_16435	ko:K18800
pfn:HZ99_16445	ko:K03185
pfn:HZ99_16450	ko:K01262
pfn:HZ99_16455	ko:K09895
pfn:HZ99_16460	ko:K09892
pfn:HZ99_16465	ko:K09888
pfn:HZ99_16470	ko:K01934
pfn:HZ99_16485	ko:K01993
pfn:HZ99_16490	ko:K13926
pfn:HZ99_16495	ko:K01992
pfn:HZ99_16500	ko:K02415
pfn:HZ99_16505	ko:K00344
pfn:HZ99_16510	ko:K02445
pfn:HZ99_16515	ko:K07232
pfn:HZ99_16520	ko:K02014
pfn:HZ99_16530	ko:K00523
pfn:HZ99_16535	ko:K03182
pfn:HZ99_16540	ko:K03628
pfn:HZ99_16545	ko:K03671
pfn:HZ99_16570	ko:K01524
pfn:HZ99_16575	ko:K01426
pfn:HZ99_16580	ko:K00937
pfn:HZ99_16585	ko:K01698
pfn:HZ99_16600	ko:K07243
pfn:HZ99_16605	ko:K09859
pfn:HZ99_16615	ko:K07337
pfn:HZ99_16625	ko:K05834
pfn:HZ99_16635	ko:K06158
pfn:HZ99_16650	ko:K03773
pfn:HZ99_16655	ko:K07740
pfn:HZ99_16660	ko:K03611
pfn:HZ99_16665	ko:K02498
pfn:HZ99_16670	ko:K02496
pfn:HZ99_16675	ko:K01719
pfn:HZ99_16680	ko:K01749
pfn:HZ99_16685	ko:K08083
pfn:HZ99_16695	ko:K01755
pfn:HZ99_16700	ko:K00799
pfn:HZ99_16715	ko:K05851
pfn:HZ99_16720	ko:K06140
pfn:HZ99_16725	ko:K06938
pfn:HZ99_16730	ko:K06202
pfn:HZ99_16740	ko:K01586
pfn:HZ99_16745	ko:K01778
pfn:HZ99_16750	ko:K09921
pfn:HZ99_16755	ko:K03733
pfn:HZ99_16760	ko:K20862
pfn:HZ99_16775	ko:K03320
pfn:HZ99_16780	ko:K04752
pfn:HZ99_16785	ko:K09806
pfn:HZ99_16820	ko:K03406
pfn:HZ99_16825	ko:K03566
pfn:HZ99_16830	ko:K26939
pfn:HZ99_16840	ko:K03656
pfn:HZ99_16845	ko:K03816
pfn:HZ99_16865	ko:K01775
pfn:HZ99_16875	ko:K00285
pfn:HZ99_16880	ko:K03719
pfn:HZ99_16885	ko:K06940
pfn:HZ99_16890	ko:K09471
pfn:HZ99_16905	ko:K06132
pfn:HZ99_16915	ko:K12254
pfn:HZ99_16920	ko:K06995
pfn:HZ99_16925	ko:K02913
pfn:HZ99_16930	ko:K02902
pfn:HZ99_16935	ko:K12368
pfn:HZ99_16940	ko:K03630
pfn:HZ99_16945	ko:K13038
pfn:HZ99_16950	ko:K01520
pfn:HZ99_16955	ko:K15778
pfn:HZ99_16960	ko:K00930
pfn:HZ99_16965	ko:K00762
pfn:HZ99_16970	ko:K01142
pfn:HZ99_16975	ko:K09940
pfn:HZ99_16980	ko:K00989
pfn:HZ99_16990	ko:K00942
pfn:HZ99_16995	ko:K03060
pfn:HZ99_17000	ko:K01139
pfn:HZ99_17020	ko:K03561
pfn:HZ99_17025	ko:K03559
pfn:HZ99_17030	ko:K03832
pfn:HZ99_17035	ko:K04761
pfn:HZ99_17040	ko:K03655
pfn:HZ99_17065	ko:K07481
pfn:HZ99_17075	ko:K05297
pfn:HZ99_17085	ko:K03181
pfn:HZ99_17090	ko:K03179
pfn:HZ99_17100	ko:K07657
pfn:HZ99_17105	ko:K07636
pfn:HZ99_17110	ko:K03699
pfn:HZ99_17125	ko:K02039
pfn:HZ99_17130	ko:K02036
pfn:HZ99_17135	ko:K02038
pfn:HZ99_17140	ko:K02037
pfn:HZ99_17145	ko:K02040
pfn:HZ99_17150	ko:K03762
pfn:HZ99_17155	ko:K10806
pfn:HZ99_17160	ko:K01792
pfn:HZ99_17165	ko:K09950
pfn:HZ99_17175	ko:K01589
pfn:HZ99_17180	ko:K01588
pfn:HZ99_17185	ko:K21645
pfn:HZ99_17190	ko:K01744
pfn:HZ99_17195	ko:K03310
pfn:HZ99_17200	ko:K01424
pfn:HZ99_17220	ko:K11073
pfn:HZ99_17230	ko:K00375
pfn:HZ99_17235	ko:K07734
pfn:HZ99_17255	ko:K01960
pfn:HZ99_17260	ko:K01959
pfn:HZ99_17265	ko:K21711
pfn:HZ99_17270	ko:K19337
pfn:HZ99_17280	ko:K03657
pfn:HZ99_17295	ko:K07165
pfn:HZ99_17300	ko:K16087
pfn:HZ99_17310	ko:K07280
pfn:HZ99_17320	ko:K26735
pfn:HZ99_17330	ko:K00868
pfn:HZ99_17355	ko:K06204
pfn:HZ99_17365	ko:K01448
pfn:HZ99_17370	ko:K09007
pfn:HZ99_17375	ko:K02074
pfn:HZ99_17380	ko:K02075
pfn:HZ99_17385	ko:K02077
pfn:HZ99_17390	ko:K01496
pfn:HZ99_17400	ko:K01465
pfn:HZ99_17410	ko:K06131
pfn:HZ99_17415	ko:K00574
pfn:HZ99_17425	ko:K09930
pfn:HZ99_17460	ko:K00981
pfn:HZ99_17470	ko:K00721
pfn:HZ99_17530	ko:K07787
pfn:HZ99_17535	ko:K07798
pfn:HZ99_17540	ko:K07796
pfn:HZ99_17545	ko:K07245
pfn:HZ99_17550	ko:K07156
pfn:HZ99_17555	ko:K07644
pfn:HZ99_17560	ko:K07665
pfn:HZ99_17580	ko:K17686
pfn:HZ99_17585	ko:K02387
pfn:HZ99_17605	ko:K07233
pfn:HZ99_17615	ko:K06938
pfn:HZ99_17620	ko:K07483
pfn:HZ99_17625	ko:K07484
pfn:HZ99_17630	ko:K07484
pfn:HZ99_17660	ko:K06899
pfn:HZ99_17665	ko:K00537
pfn:HZ99_17670	ko:K11811
pfn:HZ99_17675	ko:K03741
pfn:HZ99_17680	ko:K03893
pfn:HZ99_17685	ko:K03892
pfn:HZ99_17690	ko:K23988
pfn:HZ99_17735	ko:K07481
pfn:HZ99_17745	ko:K00820
pfn:HZ99_17755	ko:K04042
pfn:HZ99_17760	ko:K02114
pfn:HZ99_17765	ko:K02112
pfn:HZ99_17770	ko:K02115
pfn:HZ99_17775	ko:K02111
pfn:HZ99_17780	ko:K02113
pfn:HZ99_17785	ko:K02109
pfn:HZ99_17790	ko:K02110
pfn:HZ99_17795	ko:K02108
pfn:HZ99_17800	ko:K02116
pfn:HZ99_17805	ko:K03497
pfn:HZ99_17810	ko:K03496
pfn:HZ99_17815	ko:K03501
pfn:HZ99_17820	ko:K03495
pfn:HZ99_17825	ko:K03650
pfn:HZ99_17830	ko:K03217
pfn:HZ99_17835	ko:K03536
pfn:HZ99_17840	ko:K02313
pfn:HZ99_17845	ko:K02338
pfn:HZ99_17850	ko:K03629
pfn:HZ99_17855	ko:K02470
pfn:HZ99_17880	ko:K00655
pfn:HZ99_17885	ko:K03273
pfn:HZ99_17890	ko:K01879
pfn:HZ99_17895	ko:K01878
pfn:HZ99_17900	ko:K01246
pfn:HZ99_17905	ko:K02517
pfn:HZ99_17915	ko:K03499
pfn:HZ99_17920	ko:K03500
pfn:HZ99_17925	ko:K00604
pfn:HZ99_17930	ko:K01462
pfn:HZ99_17935	ko:K04096
pfn:HZ99_17940	ko:K07566
pfn:HZ99_17945	ko:K00344
pfn:HZ99_17950	ko:K00228
pfn:HZ99_17955	ko:K00014
pfn:HZ99_17960	ko:K03321
pfn:HZ99_17965	ko:K02002
pfn:HZ99_17970	ko:K01133
pfn:HZ99_17985	ko:K00883
pfn:HZ99_17990	ko:K01631
pfn:HZ99_17995	ko:K01684
pfn:HZ99_18000	ko:K08194
pfn:HZ99_18005	ko:K01695
pfn:HZ99_18010	ko:K01696
pfn:HZ99_18015	ko:K27042
pfn:HZ99_18025	ko:K09165
pfn:HZ99_18040	ko:K04063
pfn:HZ99_18060	ko:K01091
pfn:HZ99_18070	ko:K01414
pfn:HZ99_18075	ko:K07070
pfn:HZ99_18085	ko:K06152
pfn:HZ99_18090	ko:K06151
pfn:HZ99_18095	ko:K06150
pfn:HZ99_18105	ko:K01673
pfn:HZ99_18120	ko:K02275
pfn:HZ99_18125	ko:K02274
pfn:HZ99_18130	ko:K02258
pfn:HZ99_18135	ko:K02276
pfn:HZ99_18145	ko:K14998
pfn:HZ99_18155	ko:K02259
pfn:HZ99_18160	ko:K02257
pfn:HZ99_18165	ko:K07152
pfn:HZ99_18170	ko:K02073
pfn:HZ99_18175	ko:K02072
pfn:HZ99_18180	ko:K02071
pfn:HZ99_18190	ko:K09816
pfn:HZ99_18195	ko:K09817
pfn:HZ99_18200	ko:K09823
pfn:HZ99_18205	ko:K09815
pfn:HZ99_18210	ko:K02204
pfn:HZ99_18220	ko:K02335
pfn:HZ99_18225	ko:K03978
pfn:HZ99_18240	ko:K03673
pfn:HZ99_18250	ko:K13590
pfn:HZ99_18255	ko:K11066
pfn:HZ99_18260	ko:K11383
pfn:HZ99_18265	ko:K11384
pfn:HZ99_18285	ko:K11102
pfn:HZ99_18295	ko:K18480
pfn:HZ99_18300	ko:K02067
pfn:HZ99_18305	ko:K02065
pfn:HZ99_18310	ko:K02066
pfn:HZ99_18325	ko:K03324
pfn:HZ99_18335	ko:K03300
pfn:HZ99_18365	ko:K18118
pfn:HZ99_18370	ko:K00325
pfn:HZ99_18375	ko:K00324
pfn:HZ99_18380	ko:K00324
pfn:HZ99_18390	ko:K00252
pfn:HZ99_18395	ko:K01041
pfn:HZ99_18400	ko:K01977
pfn:HZ99_18405	ko:K14227
pfn:HZ99_18410	ko:K14218
pfn:HZ99_18415	ko:K01980
pfn:HZ99_18420	ko:K01985
pfn:HZ99_18425	ko:K01985
pfn:HZ99_18430	ko:K03406
pfn:HZ99_18480	ko:K12543
pfn:HZ99_18485	ko:K12541
pfn:HZ99_18490	ko:K12542
pfn:HZ99_18500	ko:K15553
pfn:HZ99_18505	ko:K15555
pfn:HZ99_18510	ko:K15554
pfn:HZ99_18520	ko:K03446
pfn:HZ99_18525	ko:K03543
pfn:HZ99_18530	ko:K18904
pfn:HZ99_18535	ko:K23514
pfn:HZ99_18540	ko:K07165
pfn:HZ99_18545	ko:K02014
pfn:HZ99_18565	ko:K06075
pfn:HZ99_18600	ko:K11935
pfn:HZ99_18605	ko:K11931
pfn:HZ99_18610	ko:K11936
pfn:HZ99_18615	ko:K11937
pfn:HZ99_18620	ko:K07326
pfn:HZ99_18625	ko:K15125
pfn:HZ99_18645	ko:K07326
pfn:HZ99_18665	ko:K07114
pfn:HZ99_18670	ko:K03088
pfn:HZ99_18695	ko:K00986
pfn:HZ99_18705	ko:K19147
pfn:HZ99_18760	ko:K14219
pfn:HZ99_18765	ko:K00135
pfn:HZ99_18770	ko:K14268
pfn:HZ99_18785	ko:K00507
pfn:HZ99_18800	ko:K23163
pfn:HZ99_18805	ko:K02046
pfn:HZ99_18810	ko:K02047
pfn:HZ99_18815	ko:K02045
pfn:HZ99_18825	ko:K10914
pfn:HZ99_18830	ko:K01130
pfn:HZ99_18835	ko:K15555
pfn:HZ99_18840	ko:K15554
pfn:HZ99_18845	ko:K15553
pfn:HZ99_18855	ko:K22303
pfn:HZ99_18870	ko:K02014
pfn:HZ99_18875	ko:K03449
pfn:HZ99_18880	ko:K01487
pfn:HZ99_18890	ko:K03832
pfn:HZ99_18895	ko:K03561
pfn:HZ99_18900	ko:K03559
pfn:HZ99_18905	ko:K07002
pfn:HZ99_18915	ko:K02073
pfn:HZ99_18925	ko:K02029
pfn:HZ99_18930	ko:K02029
pfn:HZ99_18935	ko:K02028
pfn:HZ99_18940	ko:K02030
pfn:HZ99_18970	ko:K21136
pfn:HZ99_18975	ko:K21137
pfn:HZ99_18980	ko:K21134
pfn:HZ99_18990	ko:K02072
pfn:HZ99_18995	ko:K02071
pfn:HZ99_19000	ko:K02073
pfn:HZ99_19005	ko:K20938
pfn:HZ99_19045	ko:K06900
pfn:HZ99_19050	ko:K25555
pfn:HZ99_19060	ko:K03630
pfn:HZ99_19120	ko:K03496
pfn:HZ99_19170	ko:K18139
pfn:HZ99_19175	ko:K19594
pfn:HZ99_19180	ko:K19595
pfn:HZ99_19185	ko:K21903
pfn:HZ99_19190	ko:K16264
pfn:HZ99_19195	ko:K07807
pfn:HZ99_19210	ko:K19597
pfn:HZ99_19215	ko:K19592
pfn:HZ99_19220	ko:K04755
pfn:HZ99_19230	ko:K07213
pfn:HZ99_19260	ko:K20527
pfn:HZ99_19265	ko:K20528
pfn:HZ99_19270	ko:K20529
pfn:HZ99_19275	ko:K20530
pfn:HZ99_19280	ko:K20266
pfn:HZ99_19290	ko:K07344
pfn:HZ99_19295	ko:K20531
pfn:HZ99_19300	ko:K20532
pfn:HZ99_19305	ko:K20533
pfn:HZ99_19325	ko:K10010
pfn:HZ99_19330	ko:K10009
pfn:HZ99_19335	ko:K02424
pfn:HZ99_19340	ko:K05396
pfn:HZ99_19345	ko:K00640
pfn:HZ99_19350	ko:K02168
pfn:HZ99_19355	ko:K03119
pfn:HZ99_19360	ko:K15552
pfn:HZ99_19365	ko:K10831
pfn:HZ99_19370	ko:K15551
pfn:HZ99_19375	ko:K01919
pfn:HZ99_19385	ko:K06959
pfn:HZ99_19390	ko:K07659
pfn:HZ99_19395	ko:K07638
pfn:HZ99_19400	ko:K05844
pfn:HZ99_19410	ko:K04762
pfn:HZ99_19420	ko:K04083
pfn:HZ99_19425	ko:K01610
pfn:HZ99_19445	ko:K03654
pfn:HZ99_19450	ko:K07107
pfn:HZ99_19465	ko:K02379
pfn:HZ99_19480	ko:K20881
pfn:HZ99_19485	ko:K08312
pfn:HZ99_19490	ko:K01082
pfn:HZ99_19500	ko:K10126
pfn:HZ99_19505	ko:K10125
pfn:HZ99_19510	ko:K00067
pfn:HZ99_19515	ko:K00973
pfn:HZ99_19520	ko:K01710
pfn:HZ99_19530	ko:K12251
pfn:HZ99_19535	ko:K10536
pfn:HZ99_19545	ko:K02014
pfn:HZ99_19550	ko:K07481
pfn:HZ99_19580	ko:K15268
pfn:HZ99_19630	ko:K14234
pfn:HZ99_19645	ko:K23057
pfn:HZ99_19650	ko:K23056
pfn:HZ99_19655	ko:K23055
pfn:HZ99_19660	ko:K23058
pfn:HZ99_19665	ko:K11735
pfn:HZ99_19695	ko:K14231
pfn:HZ99_19705	ko:K03575
pfn:HZ99_19710	ko:K07289
pfn:HZ99_19720	ko:K01693
pfn:HZ99_19725	ko:K02501
pfn:HZ99_19735	ko:K01814
pfn:HZ99_19740	ko:K02500
pfn:HZ99_19745	ko:K02030
pfn:HZ99_19760	ko:K09798
pfn:HZ99_19765	ko:K03797
pfn:HZ99_19770	ko:K22719
pfn:HZ99_19775	ko:K15633
pfn:HZ99_19785	ko:K03676
pfn:HZ99_19790	ko:K03071
pfn:HZ99_19795	ko:K03216
pfn:HZ99_19805	ko:K07712
pfn:HZ99_19810	ko:K07708
pfn:HZ99_19815	ko:K01915
pfn:HZ99_19820	ko:K03151
pfn:HZ99_19825	ko:K06207
pfn:HZ99_19830	ko:K06940
pfn:HZ99_19835	ko:K00688
pfn:HZ99_19850	ko:K03841
pfn:HZ99_19865	ko:K03098
pfn:HZ99_19875	ko:K05603
pfn:HZ99_19880	ko:K05836
pfn:HZ99_19885	ko:K09975
pfn:HZ99_19890	ko:K01712
pfn:HZ99_19895	ko:K03457
pfn:HZ99_19900	ko:K02002
pfn:HZ99_19905	ko:K02001
pfn:HZ99_19915	ko:K01745
pfn:HZ99_19920	ko:K01745
pfn:HZ99_19925	ko:K16234
pfn:HZ99_19930	ko:K01468
pfn:HZ99_19935	ko:K01458
pfn:HZ99_19940	ko:K01259
pfn:HZ99_19945	ko:K07560
pfn:HZ99_19950	ko:K03670
pfn:HZ99_19955	ko:K03669
pfn:HZ99_19960	ko:K02030
pfn:HZ99_19965	ko:K02030
pfn:HZ99_19970	ko:K02029
pfn:HZ99_19975	ko:K02028
pfn:HZ99_19980	ko:K03406
pfn:HZ99_19985	ko:K03406
pfn:HZ99_19995	ko:K03118
pfn:HZ99_20000	ko:K03117
pfn:HZ99_20005	ko:K03116
pfn:HZ99_20010	ko:K01523
pfn:HZ99_20015	ko:K01496
pfn:HZ99_20020	ko:K03688
pfn:HZ99_20025	ko:K03690
pfn:HZ99_20030	ko:K03183
pfn:HZ99_20050	ko:K07345
pfn:HZ99_20055	ko:K07347
pfn:HZ99_20060	ko:K15540
pfn:HZ99_20065	ko:K15540
pfn:HZ99_20070	ko:K07345
pfn:HZ99_20080	ko:K06991
pfn:HZ99_20095	ko:K03821
pfn:HZ99_20100	ko:K22250
pfn:HZ99_20105	ko:K03821
pfn:HZ99_20115	ko:K03667
pfn:HZ99_20120	ko:K01419
pfn:HZ99_20130	ko:K01887
pfn:HZ99_20135	ko:K04066
pfn:HZ99_20140	ko:K02909
pfn:HZ99_20150	ko:K00029
pfn:HZ99_20155	ko:K05366
pfn:HZ99_20160	ko:K02662
pfn:HZ99_20165	ko:K02663
pfn:HZ99_20170	ko:K02664
pfn:HZ99_20175	ko:K02665
pfn:HZ99_20180	ko:K02666
pfn:HZ99_20185	ko:K00891
pfn:HZ99_20190	ko:K01735
pfn:HZ99_20195	ko:K03112
pfn:HZ99_20200	ko:K00265
pfn:HZ99_20205	ko:K00266
pfn:HZ99_20210	ko:K01599
pfn:HZ99_20215	ko:K08224
pfn:HZ99_20230	ko:K09458
pfn:HZ99_20235	ko:K00059
pfn:HZ99_20245	ko:K00647
pfn:HZ99_20275	ko:K07107
pfn:HZ99_20280	ko:K01745
pfn:HZ99_20305	ko:K02078
pfn:HZ99_20310	ko:K02078
pfn:HZ99_20325	ko:K03496
pfn:HZ99_20330	ko:K03672
pfn:HZ99_20335	ko:K08997
pfn:HZ99_20340	ko:K05802
pfn:HZ99_20345	ko:K11105
pfn:HZ99_20350	ko:K03406
pfn:HZ99_20360	ko:K09888
pfn:HZ99_20370	ko:K13821
pfn:HZ99_20375	ko:K11928
pfn:HZ99_20385	ko:K07115
pfn:HZ99_20390	ko:K07304
pfn:HZ99_20400	ko:K00627
pfn:HZ99_20405	ko:K00163
pfn:HZ99_20410	ko:K00982
pfn:HZ99_20415	ko:K02843
pfn:HZ99_20420	ko:K02841
pfn:HZ99_20425	ko:K02844
pfn:HZ99_20430	ko:K02848
pfn:HZ99_20455	ko:K00612
pfn:HZ99_20475	ko:K11085
pfn:HZ99_20480	ko:K03272
pfn:HZ99_20485	ko:K01784
pfn:HZ99_20505	ko:K03297
pfn:HZ99_20515	ko:K02527
pfn:HZ99_20520	ko:K12340
pfn:HZ99_20525	ko:K03147
pfn:HZ99_20535	ko:K01515
pfn:HZ99_20540	ko:K09920
pfn:HZ99_20545	ko:K03651
pfn:HZ99_20550	ko:K07000
pfn:HZ99_20555	ko:K02622
pfn:HZ99_20565	ko:K06985
pfn:HZ99_20570	ko:K02621
pfn:HZ99_20575	ko:K09857
pfn:HZ99_20585	ko:K01079
pfn:HZ99_20590	ko:K01613
pfn:HZ99_20595	ko:K01011
pfn:HZ99_20605	ko:K02556
pfn:HZ99_20610	ko:K02557
pfn:HZ99_20615	ko:K06949
pfn:HZ99_20620	ko:K13288
pfn:HZ99_20630	ko:K18979
pfn:HZ99_20635	ko:K17758
pfn:HZ99_20640	ko:K06925
pfn:HZ99_20645	ko:K01448
pfn:HZ99_20650	ko:K03572
pfn:HZ99_20655	ko:K00791
pfn:HZ99_20660	ko:K03666
pfn:HZ99_20665	ko:K03665
pfn:HZ99_20670	ko:K04088
pfn:HZ99_20675	ko:K04087
pfn:HZ99_20680	ko:K02502
pfn:HZ99_20685	ko:K01939
pfn:HZ99_20695	ko:K02011
pfn:HZ99_20700	ko:K02012
pfn:HZ99_20705	ko:K14228
pfn:HZ99_20710	ko:K14228
pfn:HZ99_20715	ko:K12573
pfn:HZ99_20720	ko:K03218
pfn:HZ99_20725	ko:K02990
pfn:HZ99_20730	ko:K02963
pfn:HZ99_20740	ko:K02939
pfn:HZ99_20745	ko:K02314
pfn:HZ99_20785	ko:K01916
pfn:HZ99_20790	ko:K00763
pfn:HZ99_20795	ko:K03566
pfn:HZ99_20800	ko:K26061
pfn:HZ99_20805	ko:K26065
pfn:HZ99_20810	ko:K01999
pfn:HZ99_20815	ko:K01997
pfn:HZ99_20820	ko:K01998
pfn:HZ99_20825	ko:K01995
pfn:HZ99_20830	ko:K01996
pfn:HZ99_20835	ko:K16066
pfn:HZ99_20850	ko:K03192
pfn:HZ99_20855	ko:K03189
pfn:HZ99_20860	ko:K03188
pfn:HZ99_20865	ko:K03187
pfn:HZ99_20885	ko:K07290
pfn:HZ99_20890	ko:K03594
pfn:HZ99_20895	ko:K01046
pfn:HZ99_20920	ko:K04046
pfn:HZ99_20930	ko:K05516
pfn:HZ99_20940	ko:K01428
pfn:HZ99_20945	ko:K01429
pfn:HZ99_20950	ko:K19113
pfn:HZ99_20955	ko:K24217
pfn:HZ99_20960	ko:K01430
pfn:HZ99_20965	ko:K03190
pfn:HZ99_20970	ko:K11963
pfn:HZ99_20975	ko:K11962
pfn:HZ99_20980	ko:K11961
pfn:HZ99_20985	ko:K11960
pfn:HZ99_20990	ko:K11959
pfn:HZ99_20995	ko:K02015
pfn:HZ99_21000	ko:K02016
pfn:HZ99_21005	ko:K02013
pfn:HZ99_21020	ko:K02014
pfn:HZ99_21030	ko:K09796
pfn:HZ99_21040	ko:K05895
pfn:HZ99_21045	ko:K00595
pfn:HZ99_21050	ko:K02229
pfn:HZ99_21055	ko:K06042
pfn:HZ99_21060	ko:K03394
pfn:HZ99_21065	ko:K13541
pfn:HZ99_21075	ko:K05595
pfn:HZ99_21080	ko:K20972
pfn:HZ99_21085	ko:K01945
pfn:HZ99_21090	ko:K00602
pfn:HZ99_21095	ko:K03557
pfn:HZ99_21100	ko:K05540
pfn:HZ99_21110	ko:K02687
pfn:HZ99_21115	ko:K01961
pfn:HZ99_21120	ko:K02160
pfn:HZ99_21125	ko:K03786
pfn:HZ99_21130	ko:K03406
pfn:HZ99_21150	ko:K03113
pfn:HZ99_21155	ko:K01585
pfn:HZ99_21160	ko:K26937
pfn:HZ99_21165	ko:K06894
pfn:HZ99_21175	ko:K05367
pfn:HZ99_21185	ko:K06219
pfn:HZ99_21200	ko:K27080
pfn:HZ99_21205	ko:K27076
pfn:HZ99_21210	ko:K12513
pfn:HZ99_21215	ko:K02278
pfn:HZ99_21220	ko:K27077
pfn:HZ99_21230	ko:K27079
pfn:HZ99_21235	ko:K12511
pfn:HZ99_21240	ko:K12510
pfn:HZ99_21245	ko:K02283
pfn:HZ99_21250	ko:K02282
pfn:HZ99_21255	ko:K02280
pfn:HZ99_21260	ko:K02279
pfn:HZ99_21265	ko:K02651
pfn:HZ99_21275	ko:K02651
pfn:HZ99_21295	ko:K00059
pfn:HZ99_21300	ko:K00626
pfn:HZ99_21305	ko:K07178
pfn:HZ99_21310	ko:K19591
pfn:HZ99_21315	ko:K17686
pfn:HZ99_21325	ko:K07213
pfn:HZ99_21330	ko:K07552
pfn:HZ99_21355	ko:K21053
pfn:HZ99_21360	ko:K07300
pfn:HZ99_21365	ko:K18456
pfn:HZ99_21380	ko:K09017
pfn:HZ99_21385	ko:K16345
pfn:HZ99_21390	ko:K21699
pfn:HZ99_21395	ko:K00822
pfn:HZ99_21400	ko:K00140
pfn:HZ99_21405	ko:K01977
pfn:HZ99_21410	ko:K14227
pfn:HZ99_21415	ko:K14218
pfn:HZ99_21420	ko:K01980
pfn:HZ99_21425	ko:K01985
pfn:HZ99_21430	ko:K03583
pfn:HZ99_21435	ko:K03582
pfn:HZ99_21440	ko:K03581
pfn:HZ99_21450	ko:K21021
pfn:HZ99_21465	ko:K00140
pfn:HZ99_21470	ko:K00020
pfn:HZ99_21490	ko:K07481
pfn:HZ99_21500	ko:K18640
pfn:HZ99_21560	ko:K03503
pfn:HZ99_21565	ko:K03502
pfn:HZ99_21575	ko:K19166
pfn:HZ99_21585	ko:K07497
pfn:HZ99_21590	ko:K07483
pfn:HZ99_21635	ko:K08365
pfn:HZ99_21640	ko:K08363
pfn:HZ99_21645	ko:K08364
pfn:HZ99_21650	ko:K19058
pfn:HZ99_21655	ko:K00520
pfn:HZ99_21660	ko:K19057
pfn:HZ99_21665	ko:K19059
pfn:HZ99_21685	ko:K07497
pfn:HZ99_21775	ko:K16137
pfn:HZ99_21795	ko:K17218
pfn:HZ99_21800	ko:K07090
pfn:HZ99_21810	ko:K22042
pfn:HZ99_21815	ko:K07112
pfn:HZ99_21820	ko:K07112
pfn:HZ99_21835	ko:K00389
pfn:HZ99_21845	ko:K07481
pfn:HZ99_21875	ko:K03406
pfn:HZ99_21890	ko:K19157
pfn:HZ99_21895	ko:K07473
pfn:HZ99_21915	ko:K03101
pfn:HZ99_21970	ko:K03497
pfn:HZ99_21990	ko:K07481
pfn:HZ99_21995	ko:K07240
pfn:HZ99_22000	ko:K10947
pfn:HZ99_22005	ko:K03321
pfn:HZ99_22020	ko:K07063
pfn:HZ99_22075	ko:K07481
pfn:HZ99_22085	ko:K03427
pfn:HZ99_22095	ko:K01153
pfn:HZ99_22115	ko:K18930
pfn:HZ99_22120	ko:K03303
pfn:HZ99_22125	ko:K05799
pfn:HZ99_22130	ko:K03664
pfn:HZ99_22140	ko:K09801
pfn:HZ99_22145	ko:K06186
pfn:HZ99_22150	ko:K03711
pfn:HZ99_22155	ko:K03631
pfn:HZ99_22160	ko:K03687
pfn:HZ99_22165	ko:K04043
pfn:HZ99_22170	ko:K03686
pfn:HZ99_22175	ko:K00215
pfn:HZ99_22180	ko:K01956
pfn:HZ99_22185	ko:K01955
pfn:HZ99_22190	ko:K03624
pfn:HZ99_22200	ko:K07574
pfn:HZ99_22205	ko:K02427
pfn:HZ99_22210	ko:K03798
pfn:HZ99_22215	ko:K00796
pfn:HZ99_22220	ko:K03431
pfn:HZ99_22225	ko:K01803
pfn:HZ99_22230	ko:K03075
pfn:HZ99_22235	ko:K14228
pfn:HZ99_22240	ko:K14230
pfn:HZ99_22245	ko:K09748
pfn:HZ99_22250	ko:K02600
pfn:HZ99_22255	ko:K02519
pfn:HZ99_22260	ko:K02834
pfn:HZ99_22265	ko:K03177
pfn:HZ99_22270	ko:K02956
pfn:HZ99_22275	ko:K00962
pfn:HZ99_22290	ko:K06969
pfn:HZ99_22300	ko:K01895
pfn:HZ99_22305	ko:K01810
pfn:HZ99_22310	ko:K01918
pfn:HZ99_22315	ko:K00606
pfn:HZ99_22320	ko:K00950
pfn:HZ99_22325	ko:K00970
pfn:HZ99_22330	ko:K07713
pfn:HZ99_22345	ko:K01894
pfn:HZ99_22350	ko:K06204
pfn:HZ99_22360	ko:K06206
pfn:HZ99_22370	ko:K25132
pfn:HZ99_22375	ko:K25133
pfn:HZ99_22380	ko:K10834
pfn:HZ99_22395	ko:K07028
pfn:HZ99_22400	ko:K05365
pfn:HZ99_22415	ko:K01652
pfn:HZ99_22420	ko:K01653
pfn:HZ99_22425	ko:K00053
pfn:HZ99_22430	ko:K17103
pfn:HZ99_22435	ko:K07147
pfn:HZ99_22440	ko:K17247
pfn:HZ99_22445	ko:K01977
pfn:HZ99_22450	ko:K14227
pfn:HZ99_22455	ko:K14218
pfn:HZ99_22460	ko:K01980
pfn:HZ99_22465	ko:K01985
pfn:HZ99_22470	ko:K03808
pfn:HZ99_22475	ko:K03808
pfn:HZ99_22480	ko:K06192
pfn:HZ99_22505	ko:K03789
pfn:HZ99_22510	ko:K01673
pfn:HZ99_22525	ko:K02106
pfn:HZ99_22535	ko:K16264
pfn:HZ99_22540	ko:K07665
pfn:HZ99_22545	ko:K15725
pfn:HZ99_22550	ko:K15727
pfn:HZ99_22555	ko:K15726
pfn:HZ99_22560	ko:K07644
pfn:HZ99_22565	ko:K07665
pfn:HZ99_22585	ko:K03406
pfn:HZ99_22590	ko:K03790
pfn:HZ99_22600	ko:K01921
pfn:HZ99_22605	ko:K00681
pfn:HZ99_22610	ko:K16089
pfn:HZ99_22630	ko:K28029
pfn:HZ99_22645	ko:K14230
pfn:HZ99_22650	ko:K08223
pfn:HZ99_22660	ko:K04058
pfn:HZ99_22665	ko:K03230
pfn:HZ99_22670	ko:K03220
pfn:HZ99_22675	ko:K03224
pfn:HZ99_22680	ko:K04056
pfn:HZ99_22690	ko:K03225
pfn:HZ99_22695	ko:K03226
pfn:HZ99_22700	ko:K03227
pfn:HZ99_22705	ko:K03228
pfn:HZ99_22710	ko:K03229
pfn:HZ99_22725	ko:K03219
pfn:HZ99_22740	ko:K03223
pfn:HZ99_22750	ko:K03222
pfn:HZ99_22765	ko:K06942
pfn:HZ99_22770	ko:K01056
pfn:HZ99_22775	ko:K02897
pfn:HZ99_22780	ko:K00948
pfn:HZ99_22785	ko:K14223
pfn:HZ99_22790	ko:K00919
pfn:HZ99_22795	ko:K02494
pfn:HZ99_22805	ko:K02492
pfn:HZ99_22810	ko:K02835
pfn:HZ99_22815	ko:K02493
pfn:HZ99_22820	ko:K21029
pfn:HZ99_22825	ko:K01776
pfn:HZ99_22830	ko:K12976
pfn:HZ99_22835	ko:K06940
pfn:HZ99_22840	ko:K00574
pfn:HZ99_22845	ko:K09701
pfn:HZ99_22850	ko:K06954
pfn:HZ99_22865	ko:K01669
pfn:HZ99_22870	ko:K22491
pfn:HZ99_22885	ko:K18208
pfn:HZ99_22890	ko:K07071
pfn:HZ99_22895	ko:K01772
pfn:HZ99_22905	ko:K02014
pfn:HZ99_22910	ko:K04691
pfn:HZ99_22920	ko:K00957
pfn:HZ99_22925	ko:K00955
pfn:HZ99_22935	ko:K13788
pfn:HZ99_22950	ko:K03775
pfn:HZ99_22955	ko:K00432
pfn:HZ99_22970	ko:K00428
pfn:HZ99_22975	ko:K06203
pfn:HZ99_22980	ko:K22345
pfn:HZ99_22990	ko:K09948
pfn:HZ99_22995	ko:K07589
pfn:HZ99_23000	ko:K13938
pfn:HZ99_23005	ko:K09932
pfn:HZ99_23010	ko:K22491
pfn:HZ99_23060	ko:K03556
pfn:HZ99_23070	ko:K00451
pfn:HZ99_23075	ko:K01555
pfn:HZ99_23080	ko:K01800
pfn:HZ99_23085	ko:K08195
pfn:HZ99_23095	ko:K00263
pfn:HZ99_23100	ko:K09918
pfn:HZ99_23105	ko:K13256
pfn:HZ99_23115	ko:K03837
pfn:HZ99_23120	ko:K01752
pfn:HZ99_23125	ko:K03566
pfn:HZ99_23135	ko:K16091
pfn:HZ99_23140	ko:K07165
pfn:HZ99_23145	ko:K23514
pfn:HZ99_23170	ko:K07165
pfn:HZ99_23175	ko:K02919
pfn:HZ99_23180	ko:K02014
pfn:HZ99_23185	ko:K07259
pfn:HZ99_23190	ko:K07506
pfn:HZ99_23200	ko:K12266
pfn:HZ99_23205	ko:K05916
pfn:HZ99_23210	ko:K03611
pfn:HZ99_23215	ko:K02297
pfn:HZ99_23220	ko:K02298
pfn:HZ99_23225	ko:K02299
pfn:HZ99_23230	ko:K02300
pfn:HZ99_23235	ko:K02257
pfn:HZ99_23255	ko:K12252
pfn:HZ99_23260	ko:K02029
pfn:HZ99_23265	ko:K02029
pfn:HZ99_23270	ko:K02030
pfn:HZ99_23275	ko:K02028
pfn:HZ99_23285	ko:K03566
pfn:HZ99_23290	ko:K01652
pfn:HZ99_23295	ko:K19713
pfn:HZ99_23310	ko:K11354
pfn:HZ99_23330	ko:K08738
pfn:HZ99_23350	ko:K18304
pfn:HZ99_23355	ko:K13060
pfn:HZ99_23360	ko:K01497
pfn:HZ99_23365	ko:K20332
pfn:HZ99_23405	ko:K11752
pfn:HZ99_23420	ko:K01977
pfn:HZ99_23425	ko:K14227
pfn:HZ99_23430	ko:K14218
pfn:HZ99_23435	ko:K01980
pfn:HZ99_23440	ko:K01985
pfn:HZ99_23455	ko:K02034
pfn:HZ99_23460	ko:K02033
pfn:HZ99_23465	ko:K02035
pfn:HZ99_23475	ko:K02031
pfn:HZ99_23475	ko:K02032
pfn:HZ99_23480	ko:K14228
pfn:HZ99_23485	ko:K07568
pfn:HZ99_23490	ko:K00773
pfn:HZ99_23495	ko:K03210
pfn:HZ99_23500	ko:K03072
pfn:HZ99_23505	ko:K03074
pfn:HZ99_23515	ko:K01092
pfn:HZ99_23520	ko:K15396
pfn:HZ99_23525	ko:K00640
pfn:HZ99_23530	ko:K13643
pfn:HZ99_23535	ko:K04487
pfn:HZ99_23540	ko:K04488
pfn:HZ99_23545	ko:K13628
pfn:HZ99_23550	ko:K04082
pfn:HZ99_23555	ko:K04044
pfn:HZ99_23560	ko:K04755
pfn:HZ99_23570	ko:K00940
pfn:HZ99_23575	ko:K06941
pfn:HZ99_23580	ko:K02656
pfn:HZ99_23585	ko:K15539
pfn:HZ99_23590	ko:K03526
pfn:HZ99_23595	ko:K01892
pfn:HZ99_23605	ko:K17713
pfn:HZ99_23610	ko:K03977
pfn:HZ99_23615	ko:K14287
pfn:HZ99_23620	ko:K13566
pfn:HZ99_23625	ko:K01649
pfn:HZ99_23635	ko:K03601
pfn:HZ99_23645	ko:K07090
pfn:HZ99_23655	ko:K00088
pfn:HZ99_23660	ko:K01951
pfn:HZ99_23690	ko:K18093
pfn:HZ99_23700	ko:K03486
pfn:HZ99_23705	ko:K02819
pfn:HZ99_23710	ko:K01226
pfn:HZ99_23715	ko:K02024
pfn:HZ99_23720	ko:K23993
pfn:HZ99_23730	ko:K18691
pfn:HZ99_23735	ko:K01952
pfn:HZ99_23750	ko:K02804
pfn:HZ99_23755	ko:K23993
pfn:HZ99_23760	ko:K00820
pfn:HZ99_23765	ko:K01443
pfn:HZ99_23770	ko:K24967
pfn:HZ99_23795	ko:K06938
pfn:HZ99_23805	ko:K08289
pfn:HZ99_23815	ko:K03699
pfn:HZ99_23825	ko:K03106
pfn:HZ99_23830	ko:K02959
pfn:HZ99_23835	ko:K02860
pfn:HZ99_23840	ko:K00554
pfn:HZ99_23845	ko:K02884
pfn:HZ99_23855	ko:K04763
pfn:HZ99_23860	ko:K03981
pfn:HZ99_23865	ko:K00003
pfn:HZ99_23870	ko:K01733
pfn:HZ99_23875	ko:K07679
pfn:HZ99_23885	ko:K07687
pfn:HZ99_23900	ko:K18313
pfn:HZ99_23910	ko:K07462
pfn:HZ99_23940	ko:K02836
pfn:HZ99_23945	ko:K04567
pfn:HZ99_23965	ko:K06889
pfn:HZ99_23995	ko:K01595
pfn:HZ99_24000	ko:K00939
pfn:HZ99_24005	ko:K14742
pfn:HZ99_24030	ko:K15984
pfn:HZ99_24035	ko:K18301
pfn:HZ99_24040	ko:K18302
pfn:HZ99_24045	ko:K18303
pfn:HZ99_24060	ko:K09914
pfn:HZ99_24065	ko:K00631
pfn:HZ99_24070	ko:K03704
pfn:HZ99_24080	ko:K00563
pfn:HZ99_24085	ko:K01439
pfn:HZ99_24095	ko:K22132
pfn:HZ99_24100	ko:K02426
pfn:HZ99_24105	ko:K01766
pfn:HZ99_24110	ko:K00674
pfn:HZ99_24120	ko:K24163
pfn:HZ99_24130	ko:K14267
pfn:HZ99_24135	ko:K00990
pfn:HZ99_24140	ko:K01265
pfn:HZ99_24145	ko:K02967
pfn:HZ99_24150	ko:K02357
pfn:HZ99_24155	ko:K09903
pfn:HZ99_24160	ko:K02838
pfn:HZ99_24165	ko:K00806
pfn:HZ99_24170	ko:K00981
pfn:HZ99_24175	ko:K00099
pfn:HZ99_24180	ko:K11749
pfn:HZ99_24185	ko:K07277
pfn:HZ99_24190	ko:K06142
pfn:HZ99_24195	ko:K02536
pfn:HZ99_24200	ko:K02372
pfn:HZ99_24205	ko:K00677
pfn:HZ99_24210	ko:K00748
pfn:HZ99_24215	ko:K03470
pfn:HZ99_24220	ko:K02337
pfn:HZ99_24225	ko:K01962
pfn:HZ99_24230	ko:K04075
pfn:HZ99_24235	ko:K01937
pfn:HZ99_24240	ko:K01627
pfn:HZ99_24245	ko:K01689
pfn:HZ99_24250	ko:K05589
pfn:HZ99_24255	ko:K00991
pfn:HZ99_24265	ko:K00121
pfn:HZ99_24270	ko:K01070
pfn:HZ99_24275	ko:K01770
pfn:HZ99_24280	ko:K06176
pfn:HZ99_24285	ko:K03787
pfn:HZ99_24290	ko:K00573
pfn:HZ99_24295	ko:K06194
pfn:HZ99_24300	ko:K03087
pfn:HZ99_24305	ko:K03704
pfn:HZ99_24310	ko:K01494
pfn:HZ99_24320	ko:K07116
pfn:HZ99_24325	ko:K11209
pfn:HZ99_24340	ko:K09858
pfn:HZ99_24355	ko:K08993
pfn:HZ99_24370	ko:K03722
pfn:HZ99_24390	ko:K00275
pfn:HZ99_24400	ko:K06077
pfn:HZ99_24405	ko:K03313
pfn:HZ99_24410	ko:K28981
pfn:HZ99_24415	ko:K07137
pfn:HZ99_24420	ko:K08985
pfn:HZ99_24440	ko:K15977
pfn:HZ99_24450	ko:K09930
pfn:HZ99_24460	ko:K01996
pfn:HZ99_24465	ko:K01995
pfn:HZ99_24470	ko:K01998
pfn:HZ99_24475	ko:K01997
pfn:HZ99_24480	ko:K01999
pfn:HZ99_24500	ko:K06940
pfn:HZ99_24510	ko:K03580
pfn:HZ99_24530	ko:K16322
pfn:HZ99_24540	ko:K02624
pfn:HZ99_24545	ko:K08195
pfn:HZ99_24550	ko:K01039
pfn:HZ99_24555	ko:K01040
pfn:HZ99_24560	ko:K07823
pfn:HZ99_24565	ko:K00449
pfn:HZ99_24570	ko:K00448
pfn:HZ99_24575	ko:K02625
pfn:HZ99_24580	ko:K01857
pfn:HZ99_24585	ko:K01055
pfn:HZ99_24590	ko:K01607
pfn:HZ99_24605	ko:K18139
pfn:HZ99_24610	ko:K18138
pfn:HZ99_24615	ko:K03585
pfn:HZ99_24620	ko:K03577
pfn:HZ99_24630	ko:K19577
pfn:HZ99_24640	ko:K08682
pfn:HZ99_24645	ko:K22617
pfn:HZ99_24650	ko:K22310
pfn:HZ99_24670	ko:K07481
pfn:HZ99_24685	ko:K07481
pfn:HZ99_24690	ko:K01451
pfn:HZ99_24700	ko:K01426
pfn:HZ99_24715	ko:K06131
pfn:HZ99_24725	ko:K05349
pfn:HZ99_24730	ko:K03744
pfn:HZ99_24735	ko:K06872
pfn:HZ99_24740	ko:K08988
pfn:HZ99_24755	ko:K16087
pfn:HZ99_24760	ko:K07165
pfn:HZ99_24770	ko:K01714
pfn:HZ99_24775	ko:K01628
pfn:HZ99_24790	ko:K13954
pfn:HZ99_24805	ko:K18313
pfn:HZ99_24810	ko:K01640
pfn:HZ99_24820	ko:K09936
pfn:HZ99_24835	ko:K08995
pfn:HZ99_24845	ko:K00567
pfn:HZ99_24850	ko:K14225
pfn:HZ99_24860	ko:K06183
pfn:HZ99_24870	ko:K01457
pfn:HZ99_24875	ko:K01941
pfn:HZ99_24880	ko:K28693
pfn:HZ99_24885	ko:K28692
pfn:HZ99_24890	ko:K02049
pfn:HZ99_24895	ko:K02050
pfn:HZ99_24900	ko:K02051
pfn:HZ99_24920	ko:K03648
pfn:HZ99_24925	ko:K07120
pfn:HZ99_24930	ko:K07793
pfn:HZ99_24935	ko:K07794
pfn:HZ99_24940	ko:K07795
pfn:HZ99_24950	ko:K07774
pfn:HZ99_24955	ko:K07649
pfn:HZ99_24965	ko:K06980
pfn:HZ99_24970	ko:K09159
pfn:HZ99_24975	ko:K19168
pfn:HZ99_24980	ko:K00278
pfn:HZ99_24985	ko:K03088
pfn:HZ99_24990	ko:K03597
pfn:HZ99_24995	ko:K03598
pfn:HZ99_25000	ko:K04771
pfn:HZ99_25005	ko:K01423
pfn:HZ99_25010	ko:K04085
pfn:HZ99_25015	ko:K03564
pfn:HZ99_25020	ko:K03567
pfn:HZ99_25025	ko:K01714
pfn:HZ99_25030	ko:K07287
pfn:HZ99_25040	ko:K01923
pfn:HZ99_25045	ko:K14233
pfn:HZ99_25065	ko:K07516
pfn:HZ99_25070	ko:K04118
pfn:HZ99_25075	ko:K28556
pfn:HZ99_25080	ko:K03521
pfn:HZ99_25085	ko:K03522
pfn:HZ99_25105	ko:K00074
pfn:HZ99_25115	ko:K00632
pfn:HZ99_25120	ko:K00666
pfn:HZ99_25140	ko:K00459
pfn:HZ99_25160	ko:K18297
pfn:HZ99_25170	ko:K07118
pfn:HZ99_25190	ko:K18954
pfn:HZ99_25195	ko:K00481
pfn:HZ99_25205	ko:K08738
pfn:HZ99_25210	ko:K01915
pfn:HZ99_25220	ko:K03684
pfn:HZ99_25225	ko:K09902
pfn:HZ99_25240	ko:K09160
pfn:HZ99_25275	ko:K01354
pfn:HZ99_25300	ko:K07160
pfn:HZ99_25305	ko:K23123
pfn:HZ99_25310	ko:K23124
pfn:HZ99_25315	ko:K09989
pfn:HZ99_25330	ko:K01738
pfn:HZ99_25335	ko:K12979
pfn:HZ99_25350	ko:K00906
pfn:HZ99_25355	ko:K03578
pfn:HZ99_25360	ko:K16872
pfn:HZ99_25365	ko:K03088
pfn:HZ99_25375	ko:K07221
pfn:HZ99_25380	ko:K09919
pfn:HZ99_25385	ko:K06188
pfn:HZ99_25390	ko:K18893
pfn:HZ99_25395	ko:K03767
pfn:HZ99_25400	ko:K01055
pfn:HZ99_25415	ko:K01118
pfn:HZ99_25425	ko:K16053
pfn:HZ99_25430	ko:K05590
pfn:HZ99_25445	ko:K07233
pfn:HZ99_25450	ko:K07156
pfn:HZ99_25455	ko:K07245
pfn:HZ99_25475	ko:K00243
pfn:HZ99_25490	ko:K03307
pfn:HZ99_25495	ko:K12255
pfn:HZ99_25505	ko:K05812
pfn:HZ99_25510	ko:K12542
pfn:HZ99_25515	ko:K12541
pfn:HZ99_25520	ko:K12543
pfn:HZ99_25530	ko:K12339
pfn:HZ99_25535	ko:K03215
pfn:HZ99_25540	ko:K00951
pfn:HZ99_25545	ko:K04765
pfn:HZ99_25550	ko:K09912
pfn:HZ99_25565	ko:K11175
pfn:HZ99_25570	ko:K01933
pfn:HZ99_25575	ko:K09938
pfn:HZ99_25585	ko:K10763
pfn:HZ99_25605	ko:K19221
pfn:HZ99_25610	ko:K02224
pfn:HZ99_25615	ko:K04719
pfn:HZ99_25620	ko:K02227
pfn:HZ99_25625	ko:K02225
pfn:HZ99_25630	ko:K02232
pfn:HZ99_25635	ko:K02231
pfn:HZ99_25640	ko:K00768
pfn:HZ99_25645	ko:K02226
pfn:HZ99_25650	ko:K02233
pfn:HZ99_25670	ko:K00432
pfn:HZ99_25675	ko:K06076
pfn:HZ99_25700	ko:K09760
pfn:HZ99_25710	ko:K09790
pfn:HZ99_25715	ko:K07039
pfn:HZ99_25720	ko:K03654
pfn:HZ99_25725	ko:K06075
pfn:HZ99_25730	ko:K07001
pfn:HZ99_25735	ko:K07401
pfn:HZ99_25760	ko:K00813
pfn:HZ99_25765	ko:K01724
pfn:HZ99_25770	ko:K00500
pfn:HZ99_25775	ko:K03721
pfn:HZ99_25780	ko:K02391
pfn:HZ99_25785	ko:K02392
pfn:HZ99_25790	ko:K02393
pfn:HZ99_25795	ko:K02394
pfn:HZ99_25800	ko:K02395
pfn:HZ99_25805	ko:K02396
pfn:HZ99_25810	ko:K02397
pfn:HZ99_25815	ko:K00648
pfn:HZ99_25820	ko:K02406
pfn:HZ99_25825	ko:K06603
pfn:HZ99_25830	ko:K02407
pfn:HZ99_25835	ko:K02422
pfn:HZ99_25840	ko:K02423
pfn:HZ99_25845	ko:K10941
pfn:HZ99_25850	ko:K10942
pfn:HZ99_25855	ko:K10943
pfn:HZ99_25860	ko:K02408
pfn:HZ99_25865	ko:K02409
pfn:HZ99_25870	ko:K02410
pfn:HZ99_25875	ko:K02411
pfn:HZ99_25880	ko:K02412
pfn:HZ99_25885	ko:K02413
pfn:HZ99_25890	ko:K20978
pfn:HZ99_25895	ko:K20977
pfn:HZ99_25900	ko:K20976
pfn:HZ99_25905	ko:K02414
pfn:HZ99_25910	ko:K02415
pfn:HZ99_25915	ko:K02416
pfn:HZ99_25920	ko:K02417
pfn:HZ99_25925	ko:K02418
pfn:HZ99_25930	ko:K02419
pfn:HZ99_25935	ko:K02420
pfn:HZ99_25940	ko:K02421
pfn:HZ99_25945	ko:K02401
pfn:HZ99_25960	ko:K02400
pfn:HZ99_25965	ko:K02404
pfn:HZ99_25970	ko:K04562
pfn:HZ99_25975	ko:K02405
pfn:HZ99_25980	ko:K03413
pfn:HZ99_25985	ko:K03414
pfn:HZ99_25990	ko:K03407
pfn:HZ99_25995	ko:K03412
pfn:HZ99_26000	ko:K02556
pfn:HZ99_26005	ko:K02557
pfn:HZ99_26010	ko:K03496
pfn:HZ99_26015	ko:K03408
pfn:HZ99_26020	ko:K03408
pfn:HZ99_26040	ko:K04061
pfn:HZ99_26050	ko:K02193
pfn:HZ99_26055	ko:K02194
pfn:HZ99_26060	ko:K02195
pfn:HZ99_26065	ko:K02196
pfn:HZ99_26070	ko:K02197
pfn:HZ99_26075	ko:K02198
pfn:HZ99_26080	ko:K02199
pfn:HZ99_26085	ko:K02200
pfn:HZ99_26090	ko:K02200
pfn:HZ99_26100	ko:K05774
pfn:HZ99_26110	ko:K02048
pfn:HZ99_26115	ko:K10716
pfn:HZ99_26120	ko:K08717
pfn:HZ99_26125	ko:K00873
pfn:HZ99_26130	ko:K11529
pfn:HZ99_26135	ko:K00042
pfn:HZ99_26140	ko:K01816
pfn:HZ99_26145	ko:K01608
pfn:HZ99_26160	ko:K09017
pfn:HZ99_26165	ko:K09781
pfn:HZ99_26170	ko:K04754
pfn:HZ99_26190	ko:K02002
pfn:HZ99_26200	ko:K14393
pfn:HZ99_26205	ko:K01647
pfn:HZ99_26210	ko:K00241
pfn:HZ99_26215	ko:K00242
pfn:HZ99_26220	ko:K00239
pfn:HZ99_26225	ko:K00240
pfn:HZ99_26230	ko:K00164
pfn:HZ99_26235	ko:K00658
pfn:HZ99_26240	ko:K00382
pfn:HZ99_26245	ko:K01903
pfn:HZ99_26250	ko:K01902
pfn:HZ99_26255	ko:K03311
pfn:HZ99_26285	ko:K04079
pfn:HZ99_26315	ko:K03406
pfn:HZ99_26320	ko:K00647
pfn:HZ99_26325	ko:K01716
pfn:HZ99_26330	ko:K20974
pfn:HZ99_26340	ko:K02014
pfn:HZ99_26345	ko:K00057
pfn:HZ99_26355	ko:K08296
pfn:HZ99_26360	ko:K01897
pfn:HZ99_26365	ko:K19222
pfn:HZ99_26400	ko:K01591
pfn:HZ99_26420	ko:K03406
pfn:HZ99_26430	ko:K14224
pfn:HZ99_26435	ko:K14225
pfn:HZ99_26440	ko:K14224
pfn:HZ99_26445	ko:K14225
pfn:HZ99_26470	ko:K20941
pfn:HZ99_26485	ko:K00130
pfn:HZ99_26490	ko:K03781
pfn:HZ99_26545	ko:K06445
pfn:HZ99_26555	ko:K00799
pfn:HZ99_26560	ko:K01990
pfn:HZ99_26565	ko:K01992
pfn:HZ99_26585	ko:K11741
pfn:HZ99_26590	ko:K03453
pfn:HZ99_26595	ko:K03554
pfn:HZ99_26600	ko:K14237
pfn:HZ99_26605	ko:K14221
pfn:HZ99_26610	ko:K16088
pfn:HZ99_26615	ko:K07165
pfn:HZ99_26620	ko:K23514
pfn:HZ99_26625	ko:K14237
pfn:HZ99_26630	ko:K14221
pfn:HZ99_26645	ko:K03773
pfn:HZ99_26675	ko:K03797
pfn:HZ99_26685	ko:K28842
pfn:HZ99_26690	ko:K02052
pfn:HZ99_26695	ko:K02053
pfn:HZ99_26700	ko:K02054
pfn:HZ99_26710	ko:K02055
pfn:HZ99_26720	ko:K22044
pfn:HZ99_26735	ko:K06177
pfn:HZ99_26740	ko:K03608
pfn:HZ99_26745	ko:K03609
pfn:HZ99_26750	ko:K03610
pfn:HZ99_26755	ko:K02517
pfn:HZ99_26760	ko:K07001
pfn:HZ99_26770	ko:K24206
pfn:HZ99_26780	ko:K01483
pfn:HZ99_26785	ko:K01477
pfn:HZ99_26790	ko:K13485
pfn:HZ99_26795	ko:K16842
pfn:HZ99_26800	ko:K07127
pfn:HZ99_26805	ko:K05834
pfn:HZ99_26810	ko:K06901
pfn:HZ99_26825	ko:K00799
pfn:HZ99_26835	ko:K01495
pfn:HZ99_26845	ko:K13021
pfn:HZ99_26865	ko:K07320
pfn:HZ99_26875	ko:K06889
pfn:HZ99_26880	ko:K01736
pfn:HZ99_26885	ko:K05820
pfn:HZ99_26890	ko:K08967
pfn:HZ99_26905	ko:K13776
pfn:HZ99_26910	ko:K06867
pfn:HZ99_26940	ko:K03563
pfn:HZ99_26945	ko:K09898
pfn:HZ99_26960	ko:K01953
pfn:HZ99_26975	ko:K15461
pfn:HZ99_26980	ko:K23753
pfn:HZ99_26985	ko:K00632
pfn:HZ99_26995	ko:K01679
pfn:HZ99_27000	ko:K09924
pfn:HZ99_27005	ko:K05527
pfn:HZ99_27010	ko:K07146
pfn:HZ99_27015	ko:K07396
pfn:HZ99_27045	ko:K22292
pfn:HZ99_27050	ko:K00568
pfn:HZ99_27055	ko:K12960
pfn:HZ99_27060	ko:K08963
pfn:HZ99_27065	ko:K02469
pfn:HZ99_27070	ko:K00831
pfn:HZ99_27075	ko:K14170
pfn:HZ99_27080	ko:K00817
pfn:HZ99_27085	ko:K24018
pfn:HZ99_27090	ko:K00945
pfn:HZ99_27095	ko:K02945
pfn:HZ99_27100	ko:K05788
pfn:HZ99_27120	ko:K00973
pfn:HZ99_27125	ko:K01790
pfn:HZ99_27140	ko:K03328
pfn:HZ99_27155	ko:K12990
pfn:HZ99_27160	ko:K12991
pfn:HZ99_27165	ko:K24310
pfn:HZ99_27170	ko:K13007
pfn:HZ99_27180	ko:K24300
pfn:HZ99_27190	ko:K00074
pfn:HZ99_27195	ko:K02237
pfn:HZ99_27200	ko:K16137
pfn:HZ99_27210	ko:K16238
pfn:HZ99_27220	ko:K01546
pfn:HZ99_27225	ko:K01547
pfn:HZ99_27230	ko:K01548
pfn:HZ99_27235	ko:K07646
pfn:HZ99_27240	ko:K07667
pfn:HZ99_27245	ko:K07001
pfn:HZ99_27275	ko:K03424
pfn:HZ99_27285	ko:K15977
pfn:HZ99_27295	ko:K25153
pfn:HZ99_27300	ko:K25151
pfn:HZ99_27305	ko:K25152
pfn:HZ99_27310	ko:K07481
pfn:HZ99_27320	ko:K04760
pfn:HZ99_27325	ko:K02004
pfn:HZ99_27330	ko:K02003
pfn:HZ99_27335	ko:K10804
pfn:HZ99_27345	ko:K19236
pfn:HZ99_27355	ko:K06975
pfn:HZ99_27360	ko:K01626
pfn:HZ99_27370	ko:K00077
pfn:HZ99_27375	ko:K01081
pfn:HZ99_27385	ko:K13634
pfn:HZ99_27405	ko:K02356
pfn:HZ99_27410	ko:K04063
pfn:HZ99_27415	ko:K23775
pfn:HZ99_27425	ko:K07090
pfn:HZ99_27440	ko:K09927
pfn:HZ99_27445	ko:K01626
pfn:HZ99_27460	ko:K05592
pfn:HZ99_27465	ko:K15777
pfn:HZ99_27470	ko:K00569
pfn:HZ99_27475	ko:K03799
pfn:HZ99_27480	ko:K14260
pfn:HZ99_27485	ko:K07305
pfn:HZ99_27490	ko:K00432
pfn:HZ99_27495	ko:K23775
pfn:HZ99_27500	ko:K20973
pfn:HZ99_27505	ko:K06923
pfn:HZ99_27510	ko:K08968
pfn:HZ99_27515	ko:K07679
pfn:HZ99_27520	ko:K07690
pfn:HZ99_27530	ko:K01129
pfn:HZ99_27555	ko:K03320
pfn:HZ99_27560	ko:K03455
pfn:HZ99_27575	ko:K06177
pfn:HZ99_27585	ko:K03752
pfn:HZ99_27590	ko:K03638
pfn:HZ99_27595	ko:K03750
pfn:HZ99_27620	ko:K03415
pfn:HZ99_27625	ko:K07140
pfn:HZ99_27630	ko:K09913
pfn:HZ99_27640	ko:K13777
pfn:HZ99_27645	ko:K13779
pfn:HZ99_27650	ko:K11731
pfn:HZ99_27655	ko:K13778
pfn:HZ99_27660	ko:K13774
pfn:HZ99_27670	ko:K22108
pfn:HZ99_27680	ko:K03896
pfn:HZ99_27725	ko:K03805
pfn:HZ99_27735	ko:K04084
pfn:HZ99_27740	ko:K07666
pfn:HZ99_27745	ko:K07645
pfn:HZ99_27750	ko:K11066
pfn:HZ99_27755	ko:K00836
pfn:HZ99_27760	ko:K05375
pfn:HZ99_27770	ko:K09816
pfn:HZ99_27775	ko:K09817
pfn:HZ99_27780	ko:K09815
pfn:HZ99_27805	ko:K04750
pfn:HZ99_27825	ko:K04091
pfn:HZ99_27835	ko:K04487
pfn:HZ99_27840	ko:K01262
pfn:HZ99_27855	ko:K16137
pfn:HZ99_27865	ko:K11939
pfn:HZ99_27870	ko:K01977
pfn:HZ99_27875	ko:K14227
pfn:HZ99_27880	ko:K14218
pfn:HZ99_27885	ko:K01980
pfn:HZ99_27890	ko:K01978
